0.027580 204
3.682926 1
0.103785 1
0.151966 1
0.424433 1
0.240058 1
0.175644 1
0.688702 2
0.047978 25
0.044434 105
0.000045 2
0.000016 3
0.000016 2
0.000015 15
0.000015 2
0.000016 38
0.000015 2
0.000015 3
0.000015 2
0.000015 19
0.000015 2
0.000016 60
0.000015 2
0.000015 3
0.000015 2
0.000015 22
0.000015 2
0.000016 107
0.000015 2
0.000016 77
0.000015 2
0.000015 3
0.000015 2
0.000015 82
0.000015 2
0.000015 3
0.000015 2
0.000015 35
0.000031 2
0.000015 54
0.000016 2
0.000015 3
0.000014 2
0.000015 42
0.000016 2
0.000014 45
0.000016 2
0.000014 3
0.000015 2
0.000015 26
0.000015 2
0.000015 63
0.000015 2
0.000015 3
0.000015 2
0.000015 38
0.000015 2
0.000015 64
0.000016 2
0.000014 3
0.000015 2
0.000015 44
0.000015 2
0.000016 33
0.000104 80
0.000015 2
0.000015 22
0.000015 2
0.000016 3
0.000017 2
0.000017 46
0.000015 2
0.000015 58
0.000015 2
0.000015 3
0.000015 2
0.000016 123
0.000015 2
0.000016 108
0.000015 2
0.000015 3
0.000015 2
0.000015 48
0.000015 2
0.000015 3
0.000015 2
0.000015 41
0.000015 2
0.000015 105
0.000015 2
0.000015 27
0.000015 2
0.000015 3
0.000015 2
0.000015 41
0.000040 2
0.000017 64
0.000015 2
0.000015 3
0.000015 2
0.000015 37
0.000015 2
0.000015 69
3.521393 5
3.847980 6
0.119735 6
0.602218 4095
0.000051 2378
5.358064 75
3.672758 28
0.004977 204
9.810135 1
0.056029 1
0.127843 1
0.176239 1
0.191677 1
0.087963 1
0.411656 2
0.012864 25
0.040966 105
0.000061 2
0.000016 3
0.000016 2
0.000016 15
0.000016 2
0.000015 38
0.000016 2
0.000015 3
0.000015 2
0.000015 19
0.000015 2
0.000016 60
0.000015 2
0.000015 3
0.000015 2
0.000015 22
0.000016 2
0.000015 107
0.000015 2
0.000016 77
0.000015 2
0.000016 3
0.000015 2
0.000015 82
0.000016 2
0.000015 3
0.000015 2
0.000015 35
0.000015 2
0.000015 54
0.000016 2
0.000015 3
0.000015 2
0.000015 42
0.000015 2
0.000015 45
0.000015 2
0.000015 3
0.000015 2
0.000016 26
0.000015 2
0.000015 63
0.000015 2
0.000015 3
0.000015 2
0.000016 38
0.000018 2
0.000017 64
0.000016 2
0.000015 3
0.000015 2
0.000016 44
0.000039 2
0.000017 33
0.000105 80
0.000016 2
0.000015 22
0.000015 2
0.000015 3
0.000015 2
0.000016 46
0.000015 2
0.000015 58
0.000015 2
0.000015 3
0.000015 2
0.000016 123
0.000015 2
0.000016 108
0.000015 2
0.000015 3
0.000015 2
0.000015 48
0.000016 2
0.000015 3
0.000015 2
0.000015 41
0.000015 2
0.000016 105
0.000015 2
0.000015 27
0.000016 2
0.000015 3
0.000015 2
0.000015 41
0.000015 2
0.000015 64
0.000016 2
0.000015 3
0.000015 2
0.000015 37
0.000015 2
0.000016 69
1.532905 5
0.304147 6
1.097374 4095
0.000065 732
2.142540 5
0.720351 6
0.343610 6
0.657393 4095
0.000043 2378
6.086563 5
1.544101 6
0.151781 6
0.184063 6
0.240109 6
0.545051 4095
0.000044 1282
5.520135 116
0.808133 172
0.487799 116
0.500947 156
0.029963 218
0.030137 177
0.031249 116
0.031766 187
0.031198 116
0.030768 160
0.031681 182
0.030724 116
0.032294 152
0.031381 163
0.031181 116
0.031368 188
4.573218 28
0.007895 204
2.182965 1
0.151467 1
0.168408 1
0.239989 1
0.352143 1
0.896057 1
1.119760 1
0.440070 1
0.160035 1
0.583961 1
0.634517 1
0.901802 1
0.143623 1
0.259504 1
1.465339 1
1.007678 1
1.293151 2
0.000632 10
0.000033 2
0.000054 87
0.000022 2
0.000027 90
0.000019 2
0.000023 79
0.000045 2
0.000036 81
0.000019 2
0.000023 79
0.000019 2
0.000022 81
0.000018 2
0.000022 81
0.000018 2
0.000022 81
0.000019 2
0.000012 81
0.000008 2
0.000012 81
0.000008 2
0.000012 84
0.000007 2
0.000012 75
0.000008 2
0.000011 87
0.000008 2
0.000011 95
0.000007 2
0.000012 76
0.000007 2
0.000012 78
0.000007 2
0.000012 93
0.000007 2
0.000012 93
0.000008 2
0.000012 93
0.000007 2
0.000012 93
0.000007 2
0.000012 79
0.000008 2
0.000011 78
0.000008 2
0.000011 85
0.000008 2
0.000011 87
0.000008 2
0.000011 86
0.000008 2
0.000011 85
0.000028 2
0.000012 92
0.000007 2
0.000011 90
0.000008 2
0.000012 79
0.000007 2
0.000012 81
0.000007 2
0.000012 78
0.000007 2
0.000011 90
0.000008 2
0.000011 90
0.000007 2
0.000011 100
0.000008 2
0.000011 77
0.000008 2
0.000011 79
0.000008 2
0.000012 94
0.000007 2
0.000012 94
0.000007 2
0.000012 94
0.000007 2
0.000011 94
0.000008 2
0.000012 105
0.000007 2
0.000012 91
0.000008 2
0.000011 97
0.000008 2
0.000011 102
0.000007 2
0.000012 90
0.000033 2
0.000030 88
0.000008 2
0.000011 90
0.000008 2
0.000011 90
0.000008 2
0.000011 90
0.000008 2
0.000011 90
0.000008 2
0.000011 92
0.000008 2
0.000011 75
0.000008 2
0.000223 204
14.827950 1
0.095751 1
0.120073 1
0.103912 1
0.176216 1
0.688241 1
0.583924 1
0.584064 1
0.367639 1
0.264139 1
0.178909 3
0.909505 1
0.183505 1
0.208158 1
0.371685 1
0.372388 2
0.002680 27
0.000033 2
0.000069 39
0.000021 2
0.000245 204
28.092509 1
0.127964 1
0.088043 1
0.191940 1
0.183974 1
0.175998 1
0.283394 2
0.013646 25
0.055210 105
0.000042 2
0.000016 3
0.000015 2
0.000015 15
0.000015 2
0.000015 38
0.000015 2
0.000015 3
0.000014 2
0.000015 19
0.000015 2
0.000015 60
0.000015 2
0.000015 3
0.000014 2
0.000015 22
0.000015 2
0.000015 107
0.000015 2
0.000015 77
0.000015 2
0.000015 3
0.000015 2
0.000015 82
0.000014 2
0.000015 3
0.000015 2
0.000015 35
0.000014 2
0.000015 54
0.000033 2
0.000021 3
0.000015 2
0.000015 42
0.000015 2
0.000015 45
0.000015 2
0.000017 3
0.000017 2
0.000015 26
0.000014 2
0.000015 63
0.000015 2
0.000015 3
0.000014 2
0.000015 38
0.000015 2
0.000015 64
0.000014 2
0.000015 3
0.000015 2
0.000014 44
0.000015 2
0.000015 33
0.000104 80
0.000015 2
0.000015 22
0.000041 2
0.000015 3
0.000015 2
0.000014 46
0.000015 2
0.000015 58
0.000015 2
0.000014 3
0.000015 2
0.000015 123
0.000015 2
0.000015 108
0.000014 2
0.000015 3
0.000015 2
0.000014 48
0.000015 2
0.000014 3
0.000015 2
0.000015 41
0.000014 2
0.000015 105
0.000015 2
0.000015 27
0.000014 2
0.000015 3
0.000015 2
0.000014 41
0.000015 2
0.000015 64
0.000049 2
0.000016 3
0.000015 2
0.000014 37
0.000015 2
0.000015 69
4.082731 722
0.093587 668
3.184134 828
0.219705 108
0.000034 168
0.000023 108
0.000028 148
0.000027 153
0.118358 768
7.808029 724
0.724091 711
0.580672 670
1.399285 784
1.013958 788
0.627948 705
0.785609 733
0.826660 814
0.086043 686
4.016297 28
0.000968 204
1.589881 211
6.615961 1
0.103561 1
0.464284 1
0.295977 1
0.432018 1
0.271956 1
0.567936 1
0.496340 1
0.231969 1
0.127566 1
0.331833 2
0.796792 1
0.175388 1
0.208159 1
0.289997 1
0.414424 2
0.007406 10
0.000032 2
0.000047 92
0.000021 2
0.000029 95
0.000019 2
0.000023 84
0.000018 2
0.000022 86
0.000018 2
0.000022 84
0.000018 2
0.000022 86
0.000018 2
0.000022 86
0.000017 2
0.000022 86
0.000035 2
0.000023 86
0.000018 2
0.000022 86
0.000018 2
0.000022 89
0.000018 2
0.000023 80
0.000018 2
0.000021 92
0.000019 2
0.000021 100
0.000019 2
0.000012 81
0.000008 2
0.000012 83
0.000007 2
0.000012 98
0.000008 2
0.000012 98
0.000007 2
0.000012 98
0.000007 2
0.000012 98
0.000007 2
0.000031 84
0.000008 2
0.000012 83
0.000008 2
0.000012 90
0.000007 2
0.000011 92
0.000008 2
0.000012 91
0.000007 2
0.000011 90
0.000008 2
0.000011 97
0.000007 2
0.000012 95
0.000007 2
0.000012 84
0.000007 2
0.000012 86
0.000007 2
0.000012 83
0.000008 2
0.000011 95
0.000007 2
0.000011 95
0.000008 2
0.000011 105
0.000007 2
0.000012 82
0.000008 2
0.000011 84
0.000008 2
0.000012 99
0.000007 2
0.000012 99
0.000007 2
0.000012 99
0.000007 2
0.000012 99
0.000007 2
0.000012 110
0.000008 2
0.000011 96
0.000008 2
0.000012 102
0.000007 2
0.000011 107
0.000008 2
0.000012 95
0.000007 2
0.000012 93
0.000007 2
0.000012 95
0.000007 2
0.000012 95
0.000007 2
0.000012 95
0.000007 2
0.000011 95
0.000008 2
0.000012 97
0.000015 2
0.000012 80
0.000008 2
0.000232 204
18.279926 16
0.838938 4
0.705446 205
0.000268 84
0.000022 2
0.000024 86
0.000019 2
0.000022 84
0.000018 2
0.000022 86
0.000019 2
0.000021 86
0.000018 2
0.000022 86
0.000018 2
0.000022 86
0.000018 2
0.000022 86
0.000019 2
0.000022 89
0.000019 2
0.000022 80
0.000018 2
0.000021 92
0.000018 2
0.000022 100
0.000018 2
0.000021 81
0.000019 2
0.000021 83
0.000018 2
0.000023 98
0.000018 2
0.000022 98
0.000018 2
0.000022 98
0.000034 2
0.000031 98
0.000019 2
0.000022 84
0.000019 2
0.000022 83
0.000018 2
0.000022 90
0.000018 2
0.000022 92
0.000018 2
0.000022 91
0.000018 2
0.000022 90
0.000018 2
0.000021 97
0.000019 2
0.000024 95
0.000020 2
0.000022 84
0.000018 2
0.000022 86
0.000018 2
0.000021 83
0.000018 2
0.000022 95
0.000018 2
0.000021 95
0.000018 2
0.000022 105
0.000018 2
0.000021 82
0.000019 2
0.000022 84
0.000018 2
0.000022 99
0.000046 2
0.000023 99
0.000018 2
0.000022 99
0.000018 2
0.000022 99
0.000018 2
0.000022 110
0.000029 2
0.000022 96
0.000039 2
0.000024 102
0.000019 2
0.000021 107
0.000018 2
0.000022 95
0.000018 2
0.000022 93
0.000018 2
0.000022 95
0.000018 2
0.000022 95
0.000018 2
0.000021 95
0.000018 2
0.000022 95
0.000018 2
0.000022 97
0.000018 2
0.000022 80
0.000018 2
0.000234 204
1.723462 211
0.608382 1
0.135774 1
0.376183 4
0.159666 4
1.920298 1
0.391973 1
0.488216 1
0.759981 1
0.639696 1
0.984363 1
0.271622 1
0.367691 1
0.224183 1
0.143867 1
0.112058 1
1.648218 1
0.295949 1
0.183978 1
0.095838 1
0.393366 2
0.000222 70
0.000027 2
0.000218 204
18.222590 1
0.111334 1
0.368331 1
0.264013 1
0.119650 1
0.936425 1
0.399789 1
0.200030 1
0.143733 1
0.146940 2
0.518392 2
0.014670 20
0.000032 2
0.000023 12
0.000018 2
0.000020 16
0.000018 2
0.000020 24
0.000018 2
0.000019 10
0.000018 2
0.000020 8
0.000018 2
0.000019 15
0.000018 2
0.000019 20
0.000018 2
0.000019 22
0.000018 2
0.000019 18
0.000017 2
0.000020 14
0.000018 2
0.000019 15
0.000018 2
0.000020 17
0.000018 2
0.000019 11
0.000018 2
0.000050 15
0.000024 2
0.000021 29
0.000018 2
0.000020 22
0.000018 2
0.000019 20
0.000018 2
0.000019 21
0.000018 2
0.000020 10
0.000018 2
0.000019 18
0.000017 2
0.000020 11
0.000018 2
0.000019 27
0.000018 2
0.000020 20
0.000018 2
0.000020 29
0.000018 2
0.000019 20
0.000018 2
0.000019 23
0.000018 2
0.000019 25
0.000017 2
0.000020 20
0.000018 2
0.000019 18
0.000018 2
0.000019 22
0.000018 2
0.000019 23
0.000018 2
0.000019 24
0.000018 2
0.000019 7
0.000018 2
0.000019 23
0.000018 2
0.000019 16
0.000018 2
0.000019 23
0.000018 2
0.000019 18
0.000017 2
0.000019 17
0.000018 2
0.000020 12
0.000057 2
0.000027 14
0.000018 2
0.000020 19
0.000018 2
0.000020 12
0.000018 2
0.000019 20
0.000018 2
0.000019 16
0.000018 2
0.000019 31
0.000018 2
0.000019 16
0.000017 2
0.000019 16
0.000018 2
0.000019 12
0.000018 2
0.000019 17
0.000018 2
0.000019 11
0.000017 2
0.000020 25
0.000018 2
0.000020 10
0.000017 2
0.000019 19
0.000018 2
0.000019 17
0.000017 2
0.000020 12
0.000017 2
0.000020 5
0.000017 2
0.000020 9
0.000018 2
0.000019 17
0.000017 2
0.000020 8
0.000017 2
0.000020 12
0.000018 2
0.000019 15
0.000017 2
0.000019 16
0.000018 2
0.000019 19
0.000018 2
0.000019 23
0.000041 2
0.000021 17
0.000018 2
0.000019 17
0.000018 2
0.000019 17
0.000018 2
0.000019 5
0.000018 2
0.000019 6
0.000018 2
0.000019 18
0.000018 2
0.000019 7
0.000017 2
0.000020 8
0.000017 2
0.000020 15
0.000017 2
0.000019 19
0.000018 2
0.000019 19
0.000017 2
0.000020 11
0.000017 2
0.000020 9
0.000017 2
0.000020 6
0.000018 2
0.000019 8
0.000018 2
0.000019 5
0.000018 2
0.000019 11
0.000017 2
0.000020 10
0.000017 2
0.000019 14
0.000018 2
0.000019 19
0.000018 2
0.000019 16
0.000017 2
0.000020 18
0.000017 2
0.000019 27
0.000018 2
0.000019 7
0.000018 2
0.000019 26
0.000018 2
0.000019 20
0.000038 2
0.000021 5
0.000018 2
0.000020 9
0.000017 2
0.000020 18
0.000017 2
0.000020 15
0.000018 2
0.000019 15
0.000018 2
0.000019 16
0.000018 2
0.000019 11
0.000018 2
0.000019 10
0.000018 2
0.000019 24
0.000018 2
0.000019 5
0.000018 2
0.000019 10
0.000018 2
0.000019 13
0.000018 2
0.000019 23
0.000018 2
0.000019 19
0.000017 2
0.000019 22
0.000018 2
0.000019 23
0.000018 2
0.000019 12
0.000018 2
0.000020 10
0.000017 2
0.000020 21
0.000017 2
0.000019 20
0.000018 2
0.000020 10
0.000018 2
0.000019 14
0.000018 2
0.000019 23
0.000018 2
0.000019 11
0.000018 2
0.000020 11
0.000017 2
0.000058 10
0.000023 2
0.000020 5
0.000017 2
0.000020 10
0.000018 2
0.000019 7
0.000018 2
0.000019 13
0.000017 2
0.000020 14
0.000017 2
0.000020 10
0.000018 2
0.000019 11
0.000018 2
0.000019 22
0.000018 2
0.000019 7
0.000018 2
0.000019 26
0.000017 2
0.000020 16
0.000035 2
0.000020 11
0.000018 2
0.000019 17
0.000018 2
0.000019 6
0.000018 2
0.000019 19
0.000018 2
0.000019 19
0.000019 2
0.000010 31
0.000008 2
0.000009 26
0.000008 2
0.000009 8
0.000008 2
0.000009 16
0.000007 2
0.000010 13
0.000008 2
0.000009 19
0.000007 2
0.000009 15
0.000008 2
0.000009 22
0.000008 2
0.000009 22
0.000007 2
0.000010 8
0.000007 2
0.000010 17
0.000007 2
0.000010 9
0.000007 2
0.000010 6
0.000007 2
0.000018 7
0.000008 2
0.000009 18
0.000007 2
0.000010 16
0.000007 2
0.000009 15
0.000008 2
0.000073 14
0.000015 2
0.000012 12
0.000008 2
0.000010 20
0.000007 2
0.000010 23
0.000008 2
0.000009 15
0.000008 2
0.000010 7
0.000007 2
0.000009 21
0.000008 2
0.000009 9
0.000008 2
0.000009 17
0.000007 2
0.000010 19
0.000007 2
0.000010 21
0.000007 2
0.000009 17
0.000008 2
0.000009 17
0.000007 2
0.000009 17
0.000008 2
0.000009 17
0.000007 2
0.000009 17
0.000008 2
0.000009 17
0.000007 2
0.000009 17
0.000008 2
0.000009 17
0.000007 2
0.000010 23
0.000007 2
0.000009 15
0.000008 2
0.000009 3
0.000008 2
0.000009 12
0.000008 2
0.000009 21
0.000007 2
0.000010 10
0.000007 2
0.000009 18
0.000007 2
0.000010 20
0.000007 2
0.000009 19
0.000007 2
0.000010 13
0.000007 2
0.000009 21
0.000008 2
0.000009 8
0.000007 2
0.000010 16
0.000007 2
0.000009 6
0.000008 2
0.000009 7
0.000008 2
0.000009 6
0.000008 2
0.000009 16
0.000007 2
0.000009 16
0.000008 2
0.000009 29
0.000007 2
0.000009 15
0.000008 2
0.000009 15
0.000007 2
0.000010 6
0.000007 2
0.000010 7
0.000008 2
0.000009 6
0.000007 2
0.000010 7
0.000007 2
0.000009 7
0.000008 2
0.000009 21
0.000008 2
0.000009 11
0.000008 2
0.000009 20
0.000007 2
0.000009 19
0.000008 2
0.000009 20
0.000007 2
0.000009 20
0.000008 2
0.000009 23
0.000007 2
0.000010 8
0.000007 2
0.000009 22
0.000008 2
0.000023 28
0.000008 2
0.000010 8
0.000008 2
0.000009 16
0.000007 2
0.000009 19
0.000008 2
0.000009 15
0.000007 2
0.000010 13
0.000007 2
0.000010 26
0.000007 2
0.000009 25
0.000008 2
0.000009 27
0.000007 2
0.000009 18
0.000007 2
0.000010 19
0.000008 2
0.000009 28
0.000007 2
0.000010 17
0.000008 2
0.000009 15
0.000007 2
0.000009 17
0.000008 2
0.000009 18
0.000007 2
0.000009 6
0.000008 2
0.000009 26
0.000007 2
0.000009 15
0.000008 2
0.000009 10
0.000008 2
0.000009 15
0.000007 2
0.000009 15
0.000008 2
0.000009 21
0.000007 2
0.000336 204
11.345199 1
0.215814 1
0.728376 1
7.351567 1
0.367990 1
3.568184 1
3.656177 1
2.039587 1
2.401221 2
0.020208 835
0.000165 204
4.003288 6
