0.018022 114
7.403285 1
0.167852 1
0.408272 74
2.455783 1
0.135986 1
0.151957 1
0.472332 1
0.424222 1
0.891855 3
0.493723 4095
0.000125 2225
0.000145 72
3.478134 1
0.247703 1
0.167624 1
0.864439 1
0.647762 1
1.392158 1
0.527987 1
0.276053 2
0.684042 1
0.191724 1
0.360332 1
0.914644 1
0.773198 1
0.384029 1
0.242978 1
0.000262 3
1.589554 4095
0.000145 4095
0.000037 4095
0.000024 1938
0.000148 4095
0.000020 4095
0.009964 4095
0.000057 4095
0.001899 4095
0.000258 4095
0.000023 4095
0.000042 3617
2.818695 1
0.127632 1
0.223897 1
0.527978 1
0.984631 74
4.095658 1
0.151804 1
0.816321 1
0.759808 1
0.287834 1
0.187143 3
2.590743 4095
0.000128 2225
0.000143 72
2.758020 1
0.447935 1
0.639926 1
0.159809 1
0.809093 8
