0.017154 204
4.997503 1
0.263894 1
0.143991 1
0.255962 4
0.144064 4
0.176004 1
3.816102 1
0.720116 1
0.751809 1
1.856133 1
0.535597 1
0.224167 1
0.175900 1
0.105847 2
1.006560 1
0.383858 1
0.703988 1
0.143817 1
0.159905 1
0.127903 1
0.258209 1
1.855411 15
0.000415 204
6.087255 17
0.495995 1
0.500803 1
0.030757 1
0.029365 1
0.029871 1
0.030156 1
0.031042 1
0.030475 1
0.029842 1
0.030439 1
0.030371 1
0.187042 1
0.630802 29
0.519992 25
0.241311 58
0.000209 204
2.847781 17
1.486788 4
0.159565 4
0.136339 4
0.135687 4
0.256057 4
0.135879 4
0.127999 4
0.128114 4
0.127928 4
0.112209 4
0.639931 1
0.138358 3
0.455175 2
0.000242 8
0.000026 2
0.000048 71
0.000021 2
0.000022 65
0.000018 2
0.000023 65
0.000018 2
0.000021 63
0.000019 2
0.000021 65
0.000018 2
0.000022 89
0.000018 2
0.000021 63
0.000018 2
0.000021 64
0.000018 2
0.000021 67
0.000019 2
0.000021 63
0.000018 2
0.000021 83
0.000019 2
0.000021 64
0.000018 2
0.000021 65
0.000018 2
0.000022 63
0.000018 2
0.000238 204
1.334731 11
0.487794 1
0.272086 1
0.192069 1
0.183617 1
0.152351 1
0.167905 1
0.694987 17
0.511854 13
0.553244 277
0.000204 204
5.624667 11
0.367081 1
0.232231 1
0.499892 1
0.030506 1
0.031308 1
0.150199 1
0.247653 1
0.550929 5
0.313614 1004
0.000153 204
5.519695 12
0.503888 1
0.159770 1
0.159954 1
0.120244 1
0.143529 1
0.144179 1
0.144052 1
0.430902 5
0.305188 3
0.406927 13
0.305313 1004
0.000201 204
1.366312 211
2.248246 1
0.135591 1
0.272263 1
0.183754 1
0.472091 1
0.520166 1
0.671767 1
0.328023 1
0.319960 1
0.712213 1
0.279937 1
0.223853 1
0.178093 1
1.467688 1
0.578346 1
0.417813 1
0.511582 59
0.000211 204
4.838146 1
0.127826 1
0.424483 1
1.519923 1
0.816068 1
0.359808 1
0.584077 1
0.219616 1
1.551324 1
0.001670 1
0.001730 1
0.427572 1
0.462338 4
0.255648 4
0.696081 4
0.208120 4
0.215565 4
0.256097 4
0.192103 4
2.240210 1
0.135529 1
0.184062 1
0.240096 1
0.264064 1
0.744160 1
0.911791 1
0.223918 1
0.136267 1
0.338399 2
1.093885 1
0.113753 3
0.966109 1
0.095432 1
0.212200 1
1.438781 2
0.003464 72
0.000638 2
0.000399 204
4.946024 17
0.263619 1
0.224203 1
0.207954 1
0.501363 1
0.029734 1
0.148861 1
0.191899 1
0.200053 1
0.175985 1
0.184563 1
0.183537 1
0.232167 1
0.831173 29
0.431454 25
1.529262 32
0.000207 204
2.958771 1
0.119781 1
0.143863 1
0.183970 1
0.216133 1
0.968277 1
0.511866 1
0.207905 1
0.199928 1
0.370881 2
0.789252 1
0.255915 1
0.179170 1
0.000217 1
1.464472 1
0.541266 75
0.000180 204
1.271766 15
0.224097 1
0.500507 1
0.031494 1
0.031231 1
0.030487 1
0.030067 1
0.029911 1
0.154368 1
0.199743 1
0.240070 1
0.334970 25
0.415949 21
0.369200 32
0.000207 204
7.976010 15
1.847831 18
0.878874 1
0.103537 1
0.232215 1
0.896094 1
0.591928 4
0.512142 1
0.151944 1
0.680061 4
0.407927 1
0.551936 1
2.000068 1
0.512021 1
0.255957 1
1.036414 2
1.459596 1
0.127859 1
0.163608 1
0.000056 1
1.466340 1
0.211314 74
0.000281 204
1.064037 15
0.927696 22
0.552071 22
0.247910 1
0.167761 1
0.136148 1
0.159880 1
0.127678 1
0.160203 1
0.144105 1
0.175789 1
0.264263 1
0.376125 1
0.606666 25
0.471923 21
0.545125 32
0.000159 204
1.983039 1
0.159500 1
0.280744 1
0.319568 1
0.255968 1
0.247962 1
0.519992 1
0.312032 1
0.095786 1
0.232141 1
0.824189 1
0.360221 1
0.215562 1
0.135833 1
0.859518 1
0.000071 1
1.465545 1
0.437102 3
0.519448 72
0.000164 204
0.855680 19
0.679956 1
0.500871 1
0.030745 1
0.029289 1
0.030454 1
0.029896 1
0.030598 1
0.030534 1
0.029638 1
0.030519 1
0.033639 1
0.029945 1
0.177728 1
0.231909 1
0.383024 5
0.343799 5
0.377420 33
0.000285 204
5.654754 1
0.095322 1
0.112070 1
0.192029 1
0.248077 1
0.368141 1
0.400012 1
0.279733 1
0.288397 1
0.235621 2
0.716377 1
0.199775 1
0.178452 1
0.000052 3
1.464140 1
0.003081 1
0.005131 6
0.686738 77
0.000426 204
0.783560 24
0.159339 1
0.500033 1
0.030089 1
0.030641 1
0.030123 1
0.030835 1
0.030257 1
0.030101 1
0.029885 1
0.030049 1
0.030598 1
0.029308 1
0.029878 1
0.128461 1
0.231918 1
0.194994 1
0.180753 1
0.176000 1
0.152050 1
0.431207 5
0.447888 5
0.865040 38
0.000376 204
2.391617 6
