0.015690 204
7.159208 1
0.119378 1
0.104145 1
0.088068 1
1.048268 1
1.615834 1
1.079957 1
0.279922 1
0.195586 9
0.669953 382
0.000365 204
7.918258 1
0.151779 1
0.143882 1
0.111862 1
1.368258 1
0.447998 1
0.336115 1
0.226257 3
1.189998 1
0.135502 1
0.183996 1
0.143902 1
0.176110 1
0.392118 1
2.105493 140
0.000267 72
0.000023 2
0.000038 43
0.000020 2
0.000021 43
0.000018 2
0.000021 43
0.000017 2
0.000020 9
0.000017 2
0.000219 204
10.709909 1
0.151604 1
0.328361 1
0.223785 1
0.103841 1
2.808249 1
3.871908 1
1.111945 1
0.304208 1
0.275212 9
8.180503 1
1.367960 1
1.040036 1
1.599761 1
0.416012 1
0.378872 5
1.637427 1
0.335676 1
0.808264 1
0.728071 1
0.167891 1
0.282253 1
0.000048 1
2.191130 2
0.002374 204
0.917276 32
0.280133 523
0.776043 23
1.415972 382
0.000198 204
3.455923 17
0.727972 49
0.455794 523
0.680115 360
0.000356 204
3.810976 6
