0.013712 204
22.129021 1
0.328193 4
0.279838 1
0.135754 1
0.088047 1
0.160204 1
0.336121 1
0.175992 1
0.320363 1
1.465027 1
0.002280 1
0.003788 1
0.955826 2
0.020228 25
0.047965 105
0.000041 2
0.000017 3
0.000015 2
0.000016 15
0.000015 2
0.000016 75
0.000016 2
0.000015 3
0.000015 2
0.000015 19
0.000016 2
0.000016 59
0.000015 2
0.000015 3
0.000015 2
0.000015 22
0.000015 2
0.000016 122
0.000015 2
0.000017 114
0.000018 2
0.000016 63
0.000015 2
0.000015 3
0.000015 2
0.000015 18
0.000016 2
0.000015 64
0.000015 2
0.000038 107
0.000017 2
0.000015 105
0.000016 2
0.000015 44
0.000015 2
0.000015 3
0.000015 2
0.000016 57
0.000121 2
0.000016 105
0.000016 2
0.000016 98
0.000015 2
0.000015 3
0.000015 2
0.000015 39
0.000016 2
0.000015 139
0.000016 2
0.000015 105
0.000015 2
0.000015 39
0.000015 2
0.000016 3
0.000015 2
0.000015 40
0.000015 2
0.000016 105
0.000015 2
0.000015 62
0.000016 2
0.000015 3
0.000015 2
0.000015 36
0.000015 2
0.000015 53
0.000015 2
0.000015 3
0.000015 2
0.000015 39
0.000015 2
0.000016 77
0.000015 2
0.000015 3
0.000015 2
0.000015 39
0.000015 2
0.000015 12
0.000060 54
0.000016 2
0.000015 3
0.000015 2
0.000316 37
0.000021 2
0.000016 58
0.000015 2
0.000015 3
0.000016 2
0.000015 36
0.000015 2
0.000016 138
0.000015 2
0.000016 72
7.086994 28
0.001418 204
1.046294 1
0.119481 1
0.280313 74
1.327817 1
0.272055 1
0.399975 1
0.106537 1
0.109282 1
2.040503 1
0.807996 1
0.895900 1
1.960089 1
0.207594 1
0.456107 1
0.583942 1
0.103721 1
1.360419 1
0.712082 1
0.623681 1
2.272859 2
0.012707 46
0.000037 24
0.000021 52
0.000020 13
0.000020 61
0.000021 65
0.000020 67
0.000020 67
0.000064 67
0.000033 64
0.000026 67
0.000025 67
0.000025 65
0.000024 65
0.000025 63
0.000024 68
0.000049 63
0.000035 68
2.003044 8
0.000079 10
2.003373 8
0.000093 10
2.002542 8
0.000056 10
2.001923 8
0.000068 10
2.003324 7
0.000089 11
2.002259 8
0.000054 10
2.002164 8
0.000049 10
2.002974 8
0.000061 10
2.002288 8
0.000075 10
2.002808 7
0.000057 11
2.002795 6
0.000144 11
0.000041 7
0.000032 7
0.000050 75
2.003698 8
0.000100 10
2.002815 8
0.000072 10
2.002409 8
0.000070 10
2.002737 7
0.000059 13
2.002819 8
0.000079 10
2.002848 8
0.000086 10
2.002806 6
0.000086 11
0.000029 7
0.000040 70
2.002838 8
0.000076 10
2.003069 7
0.000062 11
2.003667 8
0.000097 10
2.003383 8
0.000059 10
2.003642 6
0.000147 11
0.000064 10
2.002519 8
0.000058 10
2.002741 7
0.000050 11
2.002595 8
0.000071 10
2.003466 6
0.000136 11
0.000040 7
0.000053 10
2.002119 8
0.000038 10
1.343549 32
0.000146 72
2.592329 6
