0.020381 204
1.290003 211
31.127904 1
1.687885 1
0.456031 1
1.024295 1
1.887452 1
1.200582 1
0.391557 1
0.143976 1
0.224005 1
0.168026 1
0.183929 1
0.656148 1
0.271834 1
0.151938 1
0.696836 2
0.028657 204
2.602712 1
0.071785 1
0.168919 37
0.000145 204
3.670826 1
0.216254 1
0.319999 1
0.407973 1
0.145796 8
0.614906 2
0.001288 204
0.477947 1
0.135861 1
0.344329 74
1.007986 1
0.183770 1
0.345715 325
0.000171 72
1.431527 2
0.255566 4
0.328387 14
0.512150 17
0.479898 16
0.680828 2
0.002661 72
0.891416 1
0.095605 1
0.137198 340
0.000246 72
0.526752 1
0.207796 1
0.248039 1
0.144058 1
0.191933 1
0.187352 8
0.484909 2
0.000468 44
0.000030 2
0.000139 72
6.823391 1
0.151631 1
0.087977 1
0.143996 1
0.103885 1
0.232183 1
0.183820 1
0.240255 1
0.631955 1
0.175738 1
0.224210 1
1.065549 2
0.004421 72
0.370058 1
0.103919 1
0.169080 356
0.000104 72
13.807201 1
0.247625 1
0.215798 1
0.344092 1
1.576043 1
0.383969 1
0.143799 1
0.152252 1
1.575990 4
0.143706 4
0.112024 4
0.151950 4
0.256284 4
2.032328 1
0.143590 1
1.264092 1
0.223942 1
0.423929 1
0.347656 4
1.844510 1
1.607938 1
0.375968 1
0.151882 1
0.087788 1
1.856724 2
0.004468 72
0.827310 1
0.247732 1
1.216018 1
0.471873 1
0.111978 1
0.259537 7
2.084934 1
0.578044 5
1.493747 1
0.527847 1
0.335937 1
0.151835 1
0.087888 1
0.753481 2
0.000309 72
3.342839 1
0.151535 1
0.223993 1
1.232003 1
1.280070 1
0.232137 1
0.616066 1
0.776068 1
0.223775 1
0.872356 1
0.209853 5
0.559278 448
0.000137 72
2.607561 15
0.264095 1
0.499570 1
0.029748 1
0.030670 1
0.031012 1
0.031137 1
0.030390 1
0.030233 1
0.029672 1
0.029659 1
0.031334 1
0.873698 5
0.305653 5
0.222916 2
0.005225 1764
0.000163 72
7.921468 79
0.400017 1
0.127780 1
1.496240 1
0.784333 1
0.239536 1
1.760192 1
1.479975 1
0.911998 1
0.207787 1
0.315802 7
1.300450 1
0.495793 4
0.496119 1
0.135718 1
0.192142 1
0.192052 1
0.135874 1
0.656217 1
1.096240 1
0.223558 1
0.176155 1
1.200404 1
2.207719 1
0.243450 5
1.397521 70
0.000814 7
0.000026 2
0.000035 63
0.000016 2
0.000143 72
15.870019 1
0.223661 1
0.176037 1
0.256047 1
0.343913 1
0.359983 1
1.783960 1
0.130275 8
0.733846 1
0.159880 1
0.240083 1
0.296102 1
1.271747 1
0.128044 1
0.103756 1
0.377741 2
0.005858 72
0.888787 1
0.127861 1
0.128547 2
0.009370 397
0.000154 72
1.837989 1
0.159759 1
0.200177 1
0.560126 1
0.207937 1
0.231983 1
0.263955 1
1.200197 1
0.466166 1
2.325495 1
0.243180 6
0.557059 2
0.001337 92
0.000030 2
0.000186 72
14.901984 1
0.128074 1
0.840459 1
0.967755 1
0.187360 8
0.909901 2
0.001514 72
1.854792 12
0.455545 41
1.238713 4
0.499746 4
0.029675 4
0.030077 4
0.128328 4
0.176171 4
0.143954 4
0.352170 4
2.409459 1718
0.000150 72
7.735557 7
1.486595 1
0.255966 1
0.130473 4
0.614802 76
0.000278 72
3.375271 6
