0.014977 204
6.431816 1
0.135799 1
0.120098 1
0.152150 1
0.159889 1
0.344105 1
0.191854 1
0.456683 2
0.040268 25
0.047759 105
0.000056 2
0.000017 3
0.000016 2
0.000016 15
0.000016 2
0.000016 66
0.000015 2
0.000016 3
0.000015 2
0.000015 19
0.000015 2
0.000016 61
0.000015 2
0.000015 3
0.000015 2
0.000015 22
0.000015 2
0.000015 49
0.000015 2
0.000015 3
0.000015 2
0.000015 63
0.000015 2
0.000015 3
0.000015 2
0.000016 40
0.000015 2
0.000015 43
0.000016 2
0.000015 3
0.000015 2
0.000015 47
0.000016 2
0.000015 67
0.000016 2
0.000015 3
0.000015 2
0.000015 50
0.000015 2
0.000016 3
0.000015 2
0.000034 41
0.000016 2
0.000015 46
0.000016 2
0.000015 3
0.000015 2
0.000015 38
0.000015 2
0.000015 40
0.000015 2
0.000015 3
0.000015 2
0.000015 45
0.000015 2
0.000015 53
0.000015 2
0.000015 3
0.000015 2
0.000016 50
0.000072 2
0.000015 3
0.000015 2
0.000015 41
0.000015 2
0.000015 45
0.000015 2
0.000015 3
0.000015 2
0.000015 34
0.000014 2
0.000015 3
0.000015 2
0.000015 48
0.000015 2
0.000015 62
0.000015 2
0.000015 3
0.000015 2
0.000015 51
0.000015 2
0.000015 3
0.000015 2
0.000015 27
0.000015 2
0.000015 52
0.000015 2
0.000015 3
0.000015 2
0.000015 19
0.000015 2
0.000015 70
1.606031 5
0.319796 6
0.207966 6
0.143835 6
0.135936 6
0.769336 4095
0.000047 419
5.120085 28
0.003749 204
2.171354 1
0.167621 1
0.151834 1
0.151983 1
2.256364 1
0.760133 1
0.415652 1
0.471909 1
0.352093 1
0.135882 1
0.159929 1
0.138199 1
1.662171 1
0.159630 1
0.283102 1
1.463493 1
0.125562 1
0.599986 4
0.819201 1
0.980962 1
0.351839 1
0.202705 1
0.000057 3
1.134309 2
0.009495 4095
0.000078 4095
0.000020 4095
0.000012 2247
0.000102 4095
0.000016 4095
0.002454 4095
0.000063 4095
0.000055 4095
0.000319 4095
0.000028 4095
0.000025 4095
0.000023 3557
9.490048 211
2.720784 6
