0.025035 204
6.917648 1
0.111792 1
1.000373 1
0.487580 1
0.143985 1
0.992463 4
0.151364 4
4.208412 1
1.695786 1
0.576121 1
1.368265 1
0.127341 1
0.480269 1
0.287989 1
0.120045 1
0.207860 1
0.111861 1
0.136056 1
0.568250 1
0.320045 1
0.191837 1
0.167859 1
0.168106 1
0.208075 1
0.192077 1
0.407957 1
0.135748 1
0.095946 1
0.688987 2
0.011351 72
0.940342 1
0.095527 1
0.105032 260
0.000122 72
4.759185 1
0.135496 1
0.064039 1
0.143885 1
0.192260 1
0.319987 1
0.696138 1
0.143676 1
0.143922 1
0.306714 6
0.581967 2
0.009804 17
0.000038 2
0.000030 18
0.000023 1
0.000022 54
0.000022 2
0.000025 18
0.000022 1
0.000021 27
0.000267 2
0.000196 74
0.000026 2
0.000037 43
0.000019 2
0.000021 43
0.000018 2
0.000021 43
0.000018 2
0.000019 9
0.000017 2
0.000175 72
3.756736 1
0.103664 1
0.344275 1
0.639934 1
0.200007 1
0.265621 999
0.000133 72
27.446633 1
0.119395 1
0.312315 1
6.895760 1
0.311837 1
0.192218 1
0.431742 1
1.024179 1
0.137722 8
0.631491 63
0.000217 72
4.390547 1
0.159929 1
0.207910 1
0.696152 1
0.375839 1
0.312039 1
0.200670 1
0.255250 1
0.472399 1
0.202491 8
0.422372 63
0.000118 72
2.175586 1
0.159020 1
0.568020 1
1.328790 1
0.247188 1
0.199947 1
0.616116 4
0.143775 1
0.250625 1
0.501450 1
0.336060 1
0.170278 9
0.359176 63
0.000135 72
9.078687 1
0.103658 1
0.280004 1
1.072226 1
0.207829 1
0.159790 1
0.247967 1
0.136001 1
0.856598 1
0.143565 1
0.231962 1
0.135916 1
0.264091 1
0.624145 1
0.151778 1
0.200142 1
0.135829 1
0.232152 1
0.343960 1
0.167899 1
0.192025 1
0.177328 7
0.760315 84
0.000256 72
2.142770 6
