0.016468 204
6.118000 1
0.103954 1
1.040570 74
1.455530 1
0.135769 1
0.120118 1
0.167957 1
0.112033 1
0.848423 1
0.927771 1
0.264137 1
0.191776 1
0.152099 1
0.384008 1
1.024266 1
0.527650 1
0.151970 1
0.488033 1
0.183865 1
0.151973 1
0.848215 4
0.135723 4
0.480283 1
0.143694 1
0.136050 1
0.119804 1
0.200333 1
0.464103 1
0.191643 1
0.216128 1
0.208201 1
0.207778 1
0.328127 1
0.808599 1
0.415338 1
0.312108 1
0.167785 1
0.272098 1
0.312161 1
0.159796 1
0.520138 4
0.127828 1
0.424201 1
0.823793 1
0.159893 1
0.528134 1
0.255984 1
0.208073 1
0.167857 1
0.143991 1
0.119782 1
0.280415 1
0.167849 1
0.240163 1
0.183950 1
0.159967 1
0.191952 1
0.800006 1
0.360147 1
0.175845 1
0.135931 1
0.232113 1
0.728196 1
0.127502 1
0.561540 2
0.009309 72
3.933516 1
0.239865 1
0.183913 1
0.159964 1
0.128065 1
0.448286 1
0.255704 1
0.184058 1
0.146947 1
0.000060 3
1.465554 1
0.004948 1
0.593987 6
1.340525 1
0.135903 1
0.199899 1
0.127973 1
0.320118 1
0.151801 1
0.096155 1
0.199999 1
0.712273 1
0.295828 1
0.191914 1
0.175855 1
0.136188 1
0.343963 1
0.752079 1
0.400326 1
0.175520 1
0.291810 5
2.108475 1
0.207594 1
0.184118 1
0.143828 1
0.112143 1
0.128134 1
0.103690 1
0.152089 1
0.336206 1
0.440084 1
0.151835 1
0.119957 1
0.569596 1
0.500338 1
0.030328 1
0.030342 1
0.030312 1
0.031440 1
0.031083 1
0.030247 1
0.030178 1
0.029439 1
0.030137 1
0.029930 1
0.030128 1
0.029876 1
0.030797 1
0.030249 1
0.030316 1
0.030424 1
0.030434 1
0.031097 1
0.030385 1
0.030268 1
0.030215 1
0.030123 1
0.239757 1
0.199984 1
0.759017 53
0.391686 53
0.264016 53
0.111740 53
1.329168 2
0.000155 72
0.927144 1
0.135507 1
0.088147 1
0.183881 1
0.112159 1
0.856189 1
0.983990 1
0.207871 1
0.227450 1
0.000132 3
1.466227 1
0.505883 1
0.936414 1
0.217729 6
2.878237 1
0.247870 1
0.760258 1
0.143482 1
0.104134 1
0.111994 1
0.191918 1
4.377632 2
0.000328 72
0.782370 1
0.119581 1
0.224100 1
0.168009 1
0.168166 1
0.216007 1
0.279946 1
0.215949 1
0.226365 1
0.000050 3
1.464640 1
0.004929 1
0.170462 6
0.669627 1
0.154097 7
1.317819 1
0.127836 1
0.208151 1
0.071847 1
0.216045 1
0.135985 1
0.648216 1
0.911881 1
0.159817 1
0.480113 4
0.144037 4
3.088142 1
0.274242 1
0.000047 4
1.831391 1
0.008683 1
0.007831 6
1.453855 1
0.311831 1
0.296089 1
0.351988 1
0.351921 1
0.119879 1
0.072125 1
1.113051 2
0.000331 72
0.838892 1
0.183567 1
0.128052 1
0.159804 1
0.160320 1
0.824183 1
0.251465 1
0.000060 4
1.773235 267
0.000159 72
6.439170 1
0.175651 1
0.239937 1
0.240084 1
0.323580 1
0.000206 4
1.585973 1
0.003335 1
0.361276 6
0.693696 1
0.607905 1
0.265634 11
1.606364 1
0.290264 1
0.000047 4
1.021700 1
0.495920 1
0.466328 6
1.054007 1
0.303573 1
0.235362 6
2.613826 2
0.000161 72
0.648073 50
0.247668 53
0.792304 303
0.000280 72
5.782686 1
0.295585 1
2.336389 1
0.415793 1
0.471678 1
0.648290 1
0.279950 1
0.283538 1
0.000065 4
1.468793 1
0.359616 1
0.370780 6
1.301017 1
0.395026 7
0.589139 1
0.816241 1
0.505581 11
1.246892 69
2.071386 1
2.615970 2
0.000149 72
0.521222 40
0.431898 53
0.559700 267
0.000154 72
1.726608 79
15.872034 1
0.175816 1
0.872409 1
0.383717 1
0.194947 1
0.000246 4
1.463657 1
2.029161 1
0.763173 6
1.876779 1
2.312202 4
1.167833 1
0.930179 7
2.477633 1
0.839988 1
0.154123 1
0.000039 4
1.466481 1
0.005006 1
0.384332 6
0.423280 68
0.000142 72
10.350734 1
0.103561 1
0.128181 1
0.167966 1
0.143954 1
0.424042 1
0.720359 4
1.192085 1
0.288179 2
0.066559 25
0.050714 105
0.000058 2
0.000016 3
0.000015 2
0.000015 15
0.000015 2
0.000015 41
0.000014 2
0.000015 3
0.000015 2
0.000014 19
0.000015 2
0.000015 85
0.000015 2
0.000015 79
0.000014 2
0.000015 91
0.000015 2
0.000015 3
0.000014 2
0.000030 22
0.000015 2
0.000015 66
0.000015 2
0.000014 3
0.000015 2
0.000015 82
0.000014 2
0.000014 3
0.000015 2
0.000014 39
0.000015 2
0.000015 68
0.000014 2
0.000014 3
0.000015 2
0.000014 35
0.000015 2
0.000014 62
0.000015 2
0.000014 3
0.000014 2
0.000015 45
0.000015 2
0.000014 64
0.000015 2
0.000014 3
0.000014 2
0.000015 57
0.000109 21
0.000015 2
0.000014 3
0.000015 2
0.000014 33
0.000032 2
0.000015 62
0.000015 2
0.000014 3
0.000015 2
0.000015 91
0.000015 2
0.000014 3
0.000014 2
0.000015 37
0.000014 2
0.000015 105
0.000022 2
0.000015 68
0.000014 2
0.000014 3
0.000015 2
0.000014 43
0.000015 2
0.000014 81
0.000015 2
0.000014 3
0.000014 2
0.000015 69
0.000028 2
0.000015 3
0.000014 2
0.000015 36
0.000014 2
0.000015 51
0.000014 2
0.000015 3
0.000014 2
0.000014 43
0.000015 2
0.000014 55
0.000015 2
0.000014 3
0.000014 2
0.000015 69
1.856637 74
1.467999 5
0.852290 6
0.223452 6
0.168153 6
0.191911 6
0.376130 6
0.159817 6
0.264101 6
0.087953 6
0.135823 6
0.354373 4095
0.000094 812
4.759415 115
1.948309 876
0.022047 737
0.013403 575
0.016967 575
0.061891 575
1.349321 4095
0.000073 4095
0.000020 1727
0.616472 798
0.062348 925
0.455537 840
0.040180 830
0.472259 833
0.013844 844
0.011356 861
0.015360 837
0.021048 838
0.054540 852
0.401572 830
0.011917 936
0.011877 807
0.030339 575
0.292148 575
0.016008 575
0.015588 575
0.013472 575
0.012430 575
0.036089 575
2.830166 796
0.024015 810
0.016765 741
0.010740 760
0.010431 116
0.000033 156
0.000095 432
0.010290 806
0.021446 116
0.000035 155
0.000029 183
0.000022 116
0.000027 158
2.020323 729
0.260567 839
0.056767 753
1.382935 738
0.077602 812
1.304131 701
0.031568 1024
0.016415 953
0.032200 840
0.032062 717
0.619794 851
0.015916 823
0.025827 864
0.028896 791
0.983296 798
0.038243 925
0.040105 840
5.108901 28
0.004611 72
1.937863 1
0.543745 1
0.199664 1
0.240302 1
0.824030 1
0.135819 1
0.312133 1
0.183832 1
0.227580 1
0.000063 3
1.463724 1
0.028881 1
0.403700 6
0.796431 1
0.282884 7
0.556760 1
0.312001 1
0.338883 1
0.000078 4
1.237101 1
0.303938 1
0.418073 6
3.622938 2
0.000130 72
2.366912 1
0.143798 1
0.200069 1
0.159838 1
0.103930 1
0.144018 1
0.240167 1
0.195193 1
0.000158 3
1.829652 187
0.000875 29
0.000036 2
0.000036 21
0.000029 2
0.000056 34
0.000031 2
0.000033 24
0.000028 2
0.000031 2
0.000037 22
0.000028 2
0.000317 72
7.725693 1
0.095625 1
0.928544 1
1.223678 1
1.600081 1
1.583980 4
0.247956 1
0.087624 1
0.448262 4
0.135766 4
0.440213 1
0.103772 1
1.344403 1
0.519752 1
0.183937 1
0.154460 1
0.000050 3
1.463752 1
0.004905 1
0.412866 6
1.644019 1
0.194977 7
0.838085 54
2.375274 1
0.631867 63
1.703869 1
0.432144 48
1.487765 1
0.296155 2
0.000135 72
0.817186 28
0.247723 55
0.751958 267
0.000265 72
64.622190 1
0.215846 1
0.255881 1
0.608442 1
0.287630 1
0.736203 1
0.703970 1
0.162577 1
0.000054 4
1.685195 1
0.368032 1
0.130380 6
1.261487 1
0.271991 1
0.186866 6
1.869326 1
1.176153 1
1.915590 1
0.000552 3
1.227549 1
0.664063 1
0.343863 1
0.522662 5
1.269289 1
0.312193 1
1.330195 6
5.333883 1
0.303753 1
0.224104 1
0.275712 1
0.000059 3
1.466929 1
1.225736 2
0.009606 72
0.981981 1
0.111669 1
0.232075 1
0.135992 1
1.056528 1
0.175392 1
0.122326 1
0.000047 4
1.102831 344
0.000272 72
24.239000 1
0.399671 1
0.287996 1
1.575903 1
0.408030 1
1.448012 1
0.800097 4
0.143783 4
0.560143 1
0.167887 1
0.360136 1
1.736090 1
0.178140 1
0.000047 4
1.468359 1
0.449153 1
0.135846 1
0.348014 6
1.620184 1
0.327895 1
0.354142 1
0.000041 3
1.581967 1
0.623861 1
0.195170 1
1.397026 1
0.441969 6
0.830571 2
0.002127 47
1.917163 1
0.296034 47
1.367934 1
0.392105 56
1.231706 1
0.328193 41
2.088260 1
0.367924 2
0.000185 72
0.879963 1
0.151486 1
0.192055 1
0.119774 1
0.225859 4095
0.000035 2512
0.000144 72
1.958561 1
0.151476 1
0.288195 1
0.216047 1
0.167854 1
0.584286 4
0.143722 4
0.144074 4
0.135723 4
0.111904 4
0.800150 79
0.792442 1
0.271722 1
0.448014 4
0.095854 1
0.183938 1
0.136006 1
0.143978 1
0.184049 1
0.207895 1
0.114182 1
0.000046 3
1.466237 267
0.000775 72
11.066844 1
0.215875 1
0.360099 1
0.360003 1
0.570582 1
0.000054 4
1.464100 1
0.261375 1
0.303912 1
0.449951 5
1.110494 1
0.311684 1
0.232035 1
0.178013 1
0.000040 3
1.013842 1
2.160094 1
0.199749 1
0.272194 1
0.551988 1
0.119933 1
0.159845 1
0.672674 2
0.018545 72
1.510362 29
0.239545 55
0.560041 267
0.000141 72
2.303009 1
0.287885 1
0.159910 1
0.240031 1
0.129815 1
0.000039 4
1.462548 1
0.005139 1
0.005000 6
1.237374 1
0.384074 1
0.216047 1
0.154546 1
0.000051 3
0.893384 1
0.784209 1
0.151653 1
0.143954 1
0.200095 1
0.247923 1
0.103954 1
0.417260 2
0.000160 72
3.824042 29
0.375868 55
1.000022 39
1.142954 4
0.159701 4
0.143978 4
0.152022 4
0.127822 4
0.240135 4
0.272069 1
0.520028 1
0.608102 1
0.183877 1
0.103890 1
0.184135 1
0.441410 62
0.000139 72
2.815728 29
0.263988 1
0.499502 1
0.029850 1
0.030087 1
0.029641 1
0.030495 1
0.030153 1
0.029535 1
0.030652 1
0.029698 1
0.029986 1
0.030274 1
0.030609 1
0.030434 1
0.698051 5
0.087514 5
0.241402 2
0.000153 72
1.623866 29
0.167840 58
0.328141 40
0.392078 55
0.519645 267
0.000163 72
2.398992 79
10.111813 1
0.159984 1
0.288172 1
0.472001 1
0.153919 5
3.790087 1
0.167814 1
0.194913 5
1.189433 1
0.287766 1
0.335882 1
0.952173 1
0.327727 1
0.183920 1
0.440305 1
0.135693 1
0.432248 1
0.655971 1
0.312024 1
0.191884 1
0.896270 1
0.559878 1
0.218191 5
1.429661 1
0.266424 6
0.821747 1
0.295867 1
0.287902 1
0.183810 1
0.544304 1
0.688207 1
0.143731 1
0.552183 104
4.888920 49
0.934831 40
0.481515 3
1.167893 3
0.582756 5
1.103937 5
0.825567 2
0.000392 72
1.325825 1
0.176040 1
0.223991 1
0.143733 1
0.144059 1
0.192162 1
0.171303 1
0.000157 4
1.468238 2
0.000851 18
0.000130 2
0.000075 29
0.000057 2
0.000041 30
0.000028 2
0.000034 30
0.000027 2
0.000053 38
0.000030 2
0.000037 28
0.000028 2
0.000055 29
0.000030 2
0.000033 21
0.000028 2
0.000032 21
0.000027 2
0.000030 2
0.000034 22
0.000028 2
0.000610 72
9.302835 1
0.198929 1
0.376391 1
0.623804 1
1.920012 1
1.064043 1
0.632357 1
0.343646 1
0.127811 1
0.215996 1
0.200068 1
1.208144 4
0.143827 4
0.152015 4
0.144034 4
0.119964 4
0.151866 4
0.424158 1
0.280037 1
0.359921 1
0.143667 1
0.168130 1
0.216258 1
0.191834 1
0.896277 4
1.455947 1
1.359932 1
0.143737 1
0.127992 1
1.320237 4
0.159872 4
0.200160 1
0.568114 1
0.888814 2
0.002565 72
0.804556 1
0.367798 1
0.144087 1
0.224032 1
0.216030 1
0.146496 9
0.806651 48
0.000262 72
43.502448 1
0.207529 1
0.111973 1
0.175982 1
0.168164 1
0.880202 1
0.767989 1
0.295816 1
0.191925 1
1.136254 1
0.647973 1
0.976098 1
0.503885 1
0.583872 1
0.583968 1
0.207941 1
0.576224 1
0.135583 1
0.256743 8
3.384182 2
0.016354 41
0.000605 41
0.000202 41
0.000301 41
0.000296 41
0.000213 41
0.000321 41
0.000206 41
0.000334 41
0.000304 42
0.000303 42
0.000316 42
0.000300 7
0.000021 33
0.000016 2
0.000261 7
0.000022 33
0.000016 2
0.000164 7
0.000029 33
0.000017 2
0.000127 7
0.000023 33
0.000016 2
0.000134 7
0.000023 33
0.000016 2
0.000135 7
0.000022 33
0.000016 2
0.000137 7
0.000022 33
0.000016 2
0.000162 7
0.000023 33
0.000016 2
0.000237 7
0.000026 33
0.000017 2
0.000157 7
0.000040 33
0.000017 2
0.000169 7
0.000023 33
0.000017 2
0.000201 7
0.000024 33
0.000016 2
0.000146 7
0.000022 33
0.000016 2
0.000138 7
0.000023 33
0.000015 2
0.000146 7
0.000023 33
0.000015 2
0.000163 7
0.000023 33
0.000015 2
0.000141 7
0.000022 33
0.000016 2
0.000138 7
0.000022 33
0.000016 2
0.000136 7
0.000023 33
0.000015 2
0.000138 7
0.000022 33
0.000016 2
0.000154 7
0.000023 33
0.000016 2
0.000156 7
0.000022 33
0.000016 2
0.000153 7
0.000023 33
0.000016 2
0.000155 7
0.000026 33
0.000020 2
0.000136 7
0.000026 33
0.000020 2
0.000138 7
0.000026 33
0.000020 2
0.000133 7
0.000026 33
0.000019 2
0.000134 7
0.000025 33
0.000020 2
0.000133 7
0.003328 33
0.000022 2
0.000227 7
0.000022 33
0.000016 2
0.000158 7
0.000021 33
0.000016 2
0.000208 7
0.000022 33
0.000016 2
0.001144 7
0.000068 33
0.000022 2
0.000263 7
0.000023 33
0.000016 2
0.000216 7
0.000021 33
0.000016 2
0.000152 7
0.000023 33
0.000019 2
0.000252 7
0.000023 33
0.000016 2
0.000263 7
0.000024 33
0.000016 2
0.000194 7
0.000024 19
0.000016 2
0.000331 7
0.000025 31
0.000016 2
0.000313 39
0.000273 37
0.000400 35
0.000399 33
0.000390 31
0.000377 29
0.000278 27
0.000377 52
0.000533 72
9.347307 1
0.095741 1
0.264550 2
0.009459 152
0.000059 2
0.000024 123
0.000019 2
0.000202 72
5.373877 79
9.472100 1
0.287759 1
0.520181 1
2.264142 1
0.327720 1
0.728130 1
0.407615 1
0.275764 1
0.000064 4
3.469363 2
0.002875 72
1.588207 1
0.071594 1
1.609222 260
0.000141 72
4.623647 6
