0.011251 204
7.088061 1
0.111693 1
0.217011 1
0.495145 1
1.032516 74
6.183714 1
0.247781 1
1.080425 1
1.631781 1
0.943910 1
0.760256 1
0.242881 3
6.836811 4
0.161061 4
0.142740 4
0.143981 4
0.119954 4
0.520156 1
0.119713 1
0.144033 1
0.402097 1
1.806536 1
0.175567 1
0.179056 1
1.465315 1
0.485858 1
1.357784 1
0.179781 1
1.276094 1
0.283077 1
0.000062 2
1.380880 1
0.256023 1
0.210290 1
0.000048 2
1.734663 2
0.009403 42
0.000104 72
4.885439 1
0.167908 1
0.143861 1
0.128032 1
0.328151 1
0.800400 1
0.143408 1
0.120125 1
0.672266 1
0.343831 1
0.183861 1
0.296122 1
1.384048 1
0.263987 1
0.264096 1
0.135762 1
0.416173 1
0.279985 1
0.632259 1
0.183866 1
0.135612 1
0.432762 2
0.018280 31
4.743205 2
0.006792 4
0.000033 2
0.000021 35
0.000019 2
0.000467 72
24.768871 21
0.447128 1
0.500945 1
0.030013 1
0.030457 1
0.030097 1
0.030124 1
0.029993 1
0.029821 1
0.029564 1
0.030503 1
0.030647 1
0.030963 1
0.029989 1
0.238339 1
0.223993 1
0.392240 1
0.319693 1
0.575008 37
0.224161 35
0.263797 35
0.263817 35
0.835277 2
0.008724 81
0.000035 2
0.000016 49
0.000015 2
0.000015 61
0.000015 2
0.000015 57
0.000015 2
0.000015 57
0.000014 2
0.000015 70
0.000015 2
0.000014 60
0.000015 2
0.000014 56
0.000015 2
0.000014 57
0.000015 2
0.000014 66
0.000015 2
0.000015 86
0.000035 2
0.000016 64
0.000014 2
0.000015 48
0.000014 2
0.000015 75
0.000015 2
0.000015 58
0.000014 2
0.000109 57
0.000023 2
0.000016 62
0.000014 2
0.000015 64
0.000015 2
0.000015 50
0.000014 2
0.000015 62
0.000014 2
0.000015 55
0.000014 2
0.000015 71
0.000015 2
0.000014 59
0.000015 2
0.000050 64
0.000017 2
0.000014 73
0.000015 2
0.000015 59
0.000015 2
0.000017 60
0.000017 2
0.000047 70
0.000441 2
0.000246 51
0.000052 2
0.000016 70
0.000015 2
0.000047 56
0.000078 2
0.000019 81
0.000015 2
0.000015 7
0.000015 48
0.000014 2
0.000015 59
0.000015 2
0.000014 76
0.000015 2
0.000015 84
0.000014 2
0.000015 71
0.000014 2
0.000015 67
0.000014 2
0.000015 99
0.000015 2
0.000014 73
0.000015 2
0.000014 107
0.000015 2
0.000015 69
0.000014 2
0.000015 54
0.000038 2
0.000028 67
0.000016 2
0.000015 76
0.000016 2
0.000705 72
12.416975 1
0.272061 1
1.104173 1
1.119831 1
0.936260 1
0.210767 3
1.420975 1
0.159825 1
0.312113 1
0.536187 88
6.111635 93
2.760209 1
0.191794 1
0.664254 1
2.335734 1
0.848353 1
0.242613 4
0.693166 1
0.415881 1
0.178825 8
0.749161 1
0.456058 1
0.242396 6
0.510723 2
0.009708 86
12.005208 1
0.119536 1
0.176172 1
0.480230 1
0.159867 1
1.007958 1
3.200089 1
0.143691 1
0.872023 1
0.848421 1
0.225995 4
0.965883 1
0.137866 9
0.901896 1
0.239817 1
0.154143 6
0.351213 2
0.000172 86
4.743358 6
