0.012906 166
8.075229 1
0.127570 1
0.896202 1
1.911755 1
5.440044 1
0.339506 3
1.124627 1
0.211271 1
1.466426 4
0.002215 4
0.003566 4
0.500502 4
0.391817 4
0.824410 1
0.314232 4
1.829332 1
0.307386 9
2.492540 74
5.367999 1
0.127735 1
1.168434 1
0.824177 1
0.456941 247
0.000115 72
5.206569 1
0.135790 1
0.704478 1
0.431772 1
0.760106 1
0.130258 4
0.670774 29
0.000271 72
9.470578 1
0.423922 1
0.559858 1
0.280141 1
0.143706 1
0.952298 1
0.809067 29
0.000211 72
4.238651 1
0.159897 1
0.168006 1
0.416036 1
0.327933 1
0.459649 3
0.933943 2
0.011484 88
0.000030 2
0.000019 75
0.000015 2
0.000017 79
0.000015 2
0.000018 71
0.000015 2
0.000017 73
0.000014 2
0.000017 61
0.000015 2
0.000017 81
0.000014 2
0.000033 95
0.000015 2
0.000017 97
0.000014 2
0.000017 93
0.000014 2
0.000017 81
0.000014 2
0.000016 93
0.000015 2
0.000016 81
0.000014 2
0.000017 81
0.000014 2
0.000017 81
0.000014 2
0.000016 81
0.000015 2
0.000017 69
0.000014 2
0.000017 99
0.000015 2
0.000009 79
0.000006 2
0.000010 55
0.000006 2
0.000009 88
0.000007 2
0.000008 73
0.000007 2
0.000009 74
0.000006 2
0.000009 82
0.000006 2
0.000009 72
0.000007 2
0.000008 83
0.000007 2
0.000009 77
0.000006 2
0.000008 97
0.000007 2
0.000008 84
0.000008 2
0.000010 92
0.000215 3825
0.000137 72
4.250063 1
0.183603 1
0.264133 1
0.487965 1
0.224097 1
0.839990 1
0.896110 1
0.175779 1
0.672293 1
0.583740 1
0.289955 3
1.007779 4095
0.000051 2225
0.000247 72
6.165922 1
0.199927 1
0.151902 1
0.624331 1
0.695877 1
0.519959 1
0.402661 3
0.669572 1
0.239705 1
0.278748 1
1.463870 1
0.467787 1
1.221475 1
0.186827 1
0.381443 1
0.378070 1
0.782036 1
0.457575 1
0.704361 1
4.798124 1
0.338443 1
0.917390 4
0.499987 4
0.029285 4
0.029997 4
0.030636 4
0.030932 4
0.029498 4
0.031519 4
0.029611 4
0.029944 4
0.031048 4
0.029939 4
0.030723 4
0.030142 4
0.029862 4
0.029717 4
0.030749 4
0.031177 1
0.030095 1
0.029387 1
0.031293 1
0.031258 1
0.476933 1
0.183885 1
0.159945 1
0.240184 1
0.751939 1
0.288057 1
0.275007 3
1.420984 1
0.255970 1
0.442528 1
0.767668 2
0.000056 21
0.000018 2
0.000022 83
2.501643 1
0.626064 1
1.709925 1
1.096462 1
0.387383 1
0.000116 3
2.189338 2
0.009699 4095
0.000114 4095
0.000018 4095
0.000010 2240
0.000067 4095
0.000014 4095
0.002512 4095
0.000077 4095
0.000315 4095
0.000027 4095
0.000023 4095
0.000022 3417
7.697934 1
0.143548 1
0.376453 1
0.455683 1
0.688037 1
0.168092 1
0.431822 1
0.856344 1
0.135813 1
0.423984 1
0.728298 1
0.219277 3
0.836850 1
0.199481 1
0.306516 1
1.466495 1
0.542715 1
0.708645 1
1.319692 1
0.275057 1
0.000056 3
1.382164 4095
0.000060 4095
0.000017 4095
0.000012 1938
0.000080 2
0.000009 66
0.000008 2
0.000007 79
0.000008 2
0.000007 48
0.000008 2
0.000007 45
0.000007 2
0.000008 56
0.000008 7
0.000007 2
0.000008 111
0.000007 2
0.000007 61
0.000008 2
0.000007 77
0.000007 2
0.000008 110
0.000007 2
0.000007 92
0.000008 2
0.000007 112
0.000007 2
0.000008 111
0.000007 2
0.000008 105
0.000007 2
0.000007 80
0.000007 2
0.000008 53
0.000007 2
0.000007 69
0.000007 2
0.000007 84
0.000008 2
0.000007 84
0.000008 2
0.000007 92
0.000007 2
0.000007 92
0.000008 2
0.000007 75
0.000007 2
0.000007 75
0.000008 2
0.000007 75
0.000007 2
0.000100 4095
0.000025 4095
0.011114 4095
0.000028 4095
0.000014 4095
0.000373 4095
0.000026 4095
0.000020 1814
6.779014 6
