0.016484 204
6.565903 1
0.135483 1
1.272400 74
1.375934 1
0.111865 1
0.145001 385
0.000144 72
0.415033 1
0.127539 1
0.192118 1
0.191953 1
0.154331 5
0.541951 86
1.976260 1
0.231564 1
0.223984 1
5.200859 1
0.135066 1
1.888236 1
9.424705 1
2.511399 1
0.543608 1
0.319963 1
0.217954 6
4.966269 1
1.608007 1
0.831807 1
1.064149 1
0.151679 1
0.208095 1
0.167985 1
0.809159 2
0.000459 84
2.054791 1
0.111582 1
0.168151 1
0.383856 1
0.215967 1
0.353793 182
0.000167 84
16.334135 1
0.175845 1
0.544008 1
1.495985 1
0.896047 1
0.447619 1
0.288199 1
0.243710 6
1.180927 1
2.255925 1
1.279424 1
0.183945 1
0.135949 1
0.200178 1
0.151744 1
0.824604 1
0.287596 1
0.087754 1
0.192106 1
0.200169 1
1.593355 110
0.000167 84
3.735694 25
0.224374 1
0.500693 1
0.030244 1
0.030791 1
0.029767 1
0.029408 1
0.030901 1
0.030421 1
0.029836 1
0.030730 1
0.030512 1
0.031615 1
0.029722 1
0.030127 1
0.029865 1
0.029935 1
0.171049 1
0.199874 1
0.176030 1
0.160377 1
0.167567 1
0.144395 1
0.143810 1
0.686792 5
0.296093 5
0.769004 69
0.000439 84
13.470118 1
0.200093 1
0.119816 1
0.232208 1
0.696149 1
1.151809 1
0.167917 1
0.753444 1
0.462687 3
0.248015 3
0.103707 3
0.256266 3
0.143713 3
0.232449 3
0.303937 7
0.151747 7
0.152160 7
0.127871 7
0.544221 3
0.103654 3
0.152051 3
0.071965 3
0.584286 94
2.256544 6
