0.015933 204
43.814020 1
0.135744 1
1.160496 4
0.159425 4
2.768194 1
0.239877 1
0.736182 1
1.016145 1
0.271695 1
0.960240 1
1.367977 1
0.159613 1
0.376170 1
0.152137 1
0.880284 1
0.127412 1
0.368155 1
0.320027 1
0.079898 1
0.143989 1
0.103834 1
3.104417 1
1.799938 1
1.039909 1
0.503968 1
0.528099 1
0.212840 8
1.036777 100
0.000347 204
10.269893 1
0.191909 1
0.240158 1
0.159609 1
0.103964 1
0.296238 1
1.392090 1
23.647653 1
1.224135 1
0.283336 9
1.357943 2
0.000211 204
0.839772 18
0.351929 48
1.448063 100
0.000174 204
5.687875 30
0.895925 530
0.327914 1
0.500911 1
0.029855 1
0.029281 1
0.029913 1
0.030064 1
0.030511 1
0.030504 1
0.030753 1
0.029910 1
0.030254 1
0.179995 1
0.343898 1
12.190962 9
0.640014 5
0.247860 5
0.665222 2
0.000545 204
0.487695 21
0.239954 51
0.960004 100
0.000334 204
0.062058 206
3.687941 1
0.135873 1
0.064151 1
0.119947 1
0.135901 1
1.440247 1
0.807967 1
0.271898 1
0.159909 1
0.106453 8
0.487362 382
0.000248 204
12.734207 1
0.111538 1
0.200243 1
0.231827 1
0.119949 1
0.616309 1
0.519943 1
0.904107 1
0.768060 1
1.879859 1
0.768369 1
2.623513 1
0.287947 1
0.720217 1
0.335784 1
4.064062 1
0.352169 1
2.039880 1
0.336098 1
2.631737 1
0.159920 1
0.880310 1
0.175761 1
0.928441 1
1.327635 1
0.183940 3
2.208366 1
1.559657 1
1.007894 1
0.320073 1
0.207854 1
0.162639 8
1.167189 2
0.000536 204
0.583033 39
0.223817 526
0.960436 382
0.000403 204
32.391154 17
0.520021 56
19.120204 1
0.500082 1
0.029988 1
0.029632 1
0.030247 1
0.030311 1
0.029974 1
0.029456 1
0.029937 1
0.030857 1
0.030887 1
0.030850 1
0.029284 1
0.030956 315
0.030730 1
0.030335 1
0.030916 1
0.030880 1
0.030038 1
0.320085 3
0.175539 3
0.160335 3
0.159684 3
0.176156 3
0.248290 3
0.552051 315
0.911912 3
1.246686 604
0.200120 288
0.175836 286
0.152123 284
0.135731 282
0.128100 280
0.127945 278
0.144522 276
0.271868 274
0.143551 272
0.135977 271
0.152234 267
0.159795 298
1.336231 287
5.681440 59
0.976175 72
0.487702 72
0.535856 72
0.159886 72
0.408154 47
0.408175 542
0.391767 51
0.495945 542
0.336062 51
0.159881 526
0.127776 72
0.207917 72
0.135970 20
0.408396 1
1.465833 1
0.003067 1
0.002853 1
0.095056 1
0.095674 1
0.120035 1
0.159979 1
0.672298 1
1.392009 1
0.207888 1
0.496193 1
0.255897 1
0.199931 1
0.271865 1
0.184258 1
0.319861 4
0.256027 1
0.119736 1
0.167983 1
1.944401 1
0.192004 1
0.503933 1
0.135717 1
0.856315 1
0.143690 1
0.776423 1
0.119542 1
0.456333 1
0.768258 3
0.135561 1
0.632193 1
1.319780 1
1.232219 1
0.543863 1
0.264233 1
0.203496 8
0.886004 2
0.002543 204
0.749606 40
0.279638 526
1.215453 382
0.000147 204
5.254947 1
0.207787 1
0.151988 1
0.223954 1
0.472361 1
3.407834 1
0.127686 1
0.689368 1
0.486791 3
0.680173 3
1.520084 210
2.576718 6
