0.023486 204
4.919203 1
0.111683 1
0.216127 1
0.136001 1
1.840240 1
9.024027 1
0.359702 1
1.480079 1
0.631986 1
0.447984 1
0.511992 1
0.368137 1
0.227541 3
1.028693 1
0.159570 1
0.395987 1
1.676054 1
0.471968 1
0.202746 1
0.000053 2
0.997890 2
0.011390 120
0.000177 204
4.667721 1
0.119757 1
0.160008 1
0.208086 1
1.624134 1
1.072294 2
0.799998 4
0.695991 1
0.295675 1
1.255999 1
1.392116 1
0.295830 1
0.455926 1
0.384375 1
0.298837 3
0.821291 1
0.575695 1
0.211425 1
1.465783 1
0.557671 1
0.000069 3
1.341400 2
0.009657 64
0.000133 204
2.477649 1
0.135808 1
0.127904 1
0.136094 1
0.632248 1
0.368071 1
0.095617 1
0.160073 1
0.200003 1
0.208130 1
0.528220 1
0.432032 1
0.304039 1
0.800077 1
0.191709 1
0.536108 1
0.327803 1
0.265474 3
0.815178 1
0.135189 1
0.144088 1
0.295541 1
0.000103 5
1.466975 319
0.000040 2
0.017590 31
5.285416 2
0.004022 25
0.000027 2
0.000019 135
0.000015 2
0.000016 31
0.000016 2
0.000015 21
0.000015 2
0.000016 25
0.000015 2
0.000530 204
62.257284 1
0.367844 1
0.848483 1
0.231627 1
0.687980 1
0.543792 1
0.216121 1
0.175885 1
0.114853 2
0.757529 1
0.178844 1
1.467656 1
0.428289 1
1.236823 1
0.864429 1
0.231698 1
0.194977 1
1.998297 1
0.499765 1
0.030465 1
0.031063 1
0.029869 1
0.030087 1
0.030286 1
0.029640 1
0.094790 1
0.151572 1
0.176068 1
1.767095 25
0.223966 23
0.335970 23
0.472176 25
1.335800 23
0.936483 23
1.096819 1159
0.000412 204
4.878155 1
0.192086 1
0.400125 1
1.976160 1
0.495835 1
2.879964 1
1.807821 1
0.272070 1
0.151915 1
0.234659 2
1.077806 1
0.146621 1
1.464018 1
0.567457 1
1.021603 1
0.410717 1
0.741298 1
0.370411 1
0.000051 1
0.670643 51
0.000396 204
2.799450 16
0.384175 1
0.499898 1
0.030101 1
0.031068 1
0.030029 1
0.030370 1
0.030905 1
0.031039 1
0.030335 1
0.029907 1
0.030271 1
0.030267 1
0.451904 3
0.454583 27
0.272081 23
0.385123 2
0.000226 53
0.000028 2
0.000216 204
1.847412 16
1.022981 1
2.297387 52
0.000385 204
1.646103 1
0.159832 1
0.232068 1
0.840252 1
0.432005 1
0.327810 1
0.440040 1
0.535901 1
0.263975 1
0.224110 1
0.187685 2
1.012651 1
0.178151 1
1.466421 1
1.275141 1
0.231798 1
0.208094 1
1.104875 1735
0.000358 204
19.111327 6
