0.014139 204
4.279599 1
0.151851 1
0.288047 1
0.215894 1
0.255896 1
0.159996 1
1.107105 2
0.015014 25
0.052084 105
0.000039 2
0.000017 3
0.000015 2
0.000015 15
0.000016 2
0.000016 38
0.000015 2
0.000016 3
0.000015 2
0.000015 19
0.000016 2
0.000015 60
0.000015 2
0.000017 3
0.000017 2
0.000018 22
0.000015 2
0.000015 107
0.000015 2
0.000016 77
0.000015 2
0.000015 3
0.000015 2
0.000016 82
0.000015 2
0.000015 3
0.000015 2
0.000015 35
0.000015 2
0.000015 54
0.000051 2
0.000016 3
0.000015 2
0.000015 42
0.000015 2
0.000015 45
0.000015 2
0.000015 3
0.000015 2
0.000015 26
0.000016 2
0.000015 63
0.000015 2
0.000015 3
0.000015 2
0.000015 38
0.000015 2
0.000015 64
0.000016 2
0.000015 3
0.000015 2
0.000015 44
0.000016 2
0.000015 33
0.000102 80
0.000016 2
0.000015 22
0.000015 2
0.000015 3
0.000016 2
0.000015 46
0.000015 2
0.000015 58
0.000015 2
0.000015 3
0.000015 2
0.000016 123
0.000015 2
0.000015 108
0.000016 2
0.000015 3
0.000015 2
0.000015 48
0.000016 2
0.000015 3
0.000015 2
0.000015 41
0.000015 2
0.000015 105
0.000016 2
0.000015 27
0.000015 2
0.000015 3
0.000015 2
0.000015 41
0.000015 2
0.000029 64
0.000015 2
0.000015 3
0.000015 2
0.000015 37
0.000015 2
0.000016 69
1.944320 5
0.328013 6
0.351930 6
0.287957 6
0.312019 6
1.169726 4095
0.000049 1602
7.175881 151
1.408336 783
0.023925 784
0.015454 782
0.063025 815
1.116158 807
0.031546 694
0.274488 760
0.039964 676
0.055898 783
0.375715 676
0.417883 743
0.424181 710
18.648716 28
0.003022 204
2.316179 1
0.143624 1
0.151818 1
0.584271 1
0.672239 4
0.663852 1
0.511821 1
0.175883 1
0.608391 1
0.399786 1
0.519939 1
0.311947 1
0.226957 3
1.126683 1061
0.000386 204
16.509941 1
0.151759 1
0.103908 1
0.152095 1
0.144168 1
0.135783 1
0.243731 2
0.014995 25
0.043554 105
0.000067 2
0.000018 3
0.000016 2
0.000015 15
0.000016 2
0.000015 38
0.000015 2
0.000015 3
0.000016 2
0.000015 19
0.000015 2
0.000016 60
0.000015 2
0.000016 3
0.000015 2
0.000015 22
0.000016 2
0.000015 107
0.000016 2
0.000016 77
0.000015 2
0.000016 3
0.000015 2
0.000015 82
0.000016 2
0.000015 3
0.000015 2
0.000015 35
0.000015 2
0.000016 54
0.000015 2
0.000015 3
0.000015 2
0.000015 42
0.000015 2
0.000015 45
0.000016 2
0.000015 3
0.000014 2
0.000016 26
0.000015 2
0.000015 63
0.000015 2
0.000015 3
0.000015 2
0.000015 38
0.000015 2
0.000015 64
0.000015 2
0.000016 3
0.000015 2
0.000015 44
0.000015 2
0.000015 33
0.000104 80
0.000015 2
0.000043 22
0.000017 2
0.000015 3
0.000015 2
0.000016 46
0.000015 2
0.000015 58
0.000016 2
0.000015 3
0.000015 2
0.000016 123
0.000015 2
0.000016 108
0.000015 2
0.000015 3
0.000015 2
0.000015 48
0.000015 2
0.000015 3
0.000016 2
0.000015 41
0.000015 2
0.000015 105
0.000015 2
0.000015 27
0.000044 2
0.000016 3
0.000015 2
0.000015 41
0.000015 2
0.000016 64
0.000015 2
0.000015 3
0.000015 2
0.000015 37
0.000015 2
0.000016 69
1.200402 5
0.399850 6
0.208063 6
0.168082 6
0.207819 6
0.641360 4095
0.000069 2061
1.561222 808
0.023328 838
0.496363 851
0.016307 738
0.014226 784
0.023782 877
2.390211 707
0.023791 748
0.118077 535
1.783230 722
1.035982 668
0.024283 828
0.505879 685
0.012726 768
0.031984 724
0.321747 711
0.048612 670
0.015617 793
0.021623 788
0.323992 705
0.017709 733
0.011877 814
0.338608 686
0.023728 758
0.016504 728
0.015722 779
0.010394 875
0.021538 695
0.314317 722
0.015938 834
0.022545 885
0.015115 761
0.016072 817
0.023728 175
0.000031 117
0.000035 183
0.000023 117
0.000029 184
0.289813 755
0.016966 734
0.015962 720
0.019305 830
0.020556 997
0.329207 934
0.022091 703
0.016656 734
0.023926 117
0.000034 147
0.000031 192
0.000031 192
0.000023 117
0.337559 915
0.015644 832
0.024739 800
0.069518 971
0.306010 888
0.080042 843
0.408288 830
0.023749 997
0.024541 934
0.015940 703
0.022182 734
0.283430 765
0.015621 134
0.000141 751
0.014431 117
0.000032 141
0.000030 190
0.000030 182
0.000023 117
0.015908 697
0.259748 595
0.023508 595
0.016203 595
0.013717 595
0.016178 595
0.252245 595
0.024130 595
0.023755 595
0.015900 595
1.108925 28
0.001036 204
48.613408 1
0.167813 1
1.128335 1
2.855896 4
0.159905 4
0.159945 4
0.513340 6
0.335960 19
1.056201 1
0.175471 1
0.175993 1
0.151868 1
0.184168 1
2.152593 1
0.294398 15
1.224201 13
0.175936 13
1.528163 13
0.111462 13
0.120026 13
0.103927 13
1.232221 13
4.383946 13
0.976404 13
0.207605 13
0.183824 13
0.232114 276
1.209329 3
0.000867 9
0.000032 2
0.000047 76
0.000021 2
0.000023 70
0.000019 2
0.000021 70
0.000019 2
0.000021 68
0.000018 2
0.000022 70
0.000018 2
0.000022 94
0.000018 2
0.000021 68
0.000018 2
0.000021 69
0.000019 2
0.000021 72
0.000018 2
0.000022 68
0.000018 2
0.000022 88
0.000018 2
0.000021 69
0.000018 2
0.000021 70
0.000018 2
0.000021 68
0.000018 2
0.002294 204
44.076676 28
0.839790 513
0.607548 19
1.310587 1
0.168041 1
0.159868 1
0.219580 1
0.582222 4095
0.000036 751
0.000179 204
1.143509 17
0.367988 29
3.279822 315
0.488183 3
0.694611 1
0.183973 1
0.559916 1
0.162789 1
0.711203 3541
0.000564 204
13.293207 211
2.920116 1
0.159914 1
1.448251 1
0.543757 1
0.256137 1
0.423775 1
2.264526 1
0.631487 1
0.288187 1
0.138109 3
6.065161 4095
0.000040 4095
0.000016 4095
0.000013 2298
0.000295 2
0.000016 62
0.000008 2
0.000011 57
0.000008 2
0.000011 62
0.000008 2
0.000010 62
0.000008 2
0.000029 68
0.000008 2
0.000024 2
0.000010 10
0.000007 2
0.009290 8
0.000017 2
0.000017 81
0.000008 2
0.000012 71
0.000007 2
0.000011 61
0.000008 2
0.000011 70
0.000008 2
0.000010 71
0.000008 2
0.000011 64
0.000007 2
0.000018 2
0.000009 17
0.000008 2
0.000470 8
0.000010 2
0.000014 70
0.000008 2
0.000011 68
0.000008 2
0.000011 59
0.000007 2
0.000011 58
0.000007 2
0.000011 54
0.000008 2
0.000011 55
0.000007 2
0.000011 55
0.000007 2
0.000011 55
0.000008 2
0.000015 2
0.000009 10
0.000008 2
0.001620 7
0.000040 2
0.000023 61
0.000015 2
0.000022 2
0.000018 17
0.000015 2
0.000420 7
0.000024 2
0.000023 122
0.000018 2
0.000021 120
0.000016 2
0.000018 126
0.000015 2
0.000019 110
0.000015 2
0.000018 108
0.000015 2
0.000018 122
0.000016 2
0.000018 112
0.000029 2
0.000019 118
0.000015 2
0.000019 122
0.000015 2
0.000018 76
0.000015 2
0.000018 109
0.000016 2
0.000048 2
0.000022 18
0.000015 2
0.008216 7
0.001515 2
0.000051 102
0.000017 2
0.000020 118
0.000015 2
0.000019 112
0.000057 2
0.000021 86
0.000016 2
0.000020 107
0.000015 2
0.000018 121
0.000015 2
0.000018 85
0.000016 2
0.000018 106
0.000015 2
0.000018 89
0.000015 2
0.000018 110
0.000016 2
0.000017 89
0.000015 2
0.000019 110
0.000015 2
0.000017 84
0.000015 2
0.000018 105
0.000015 2
0.000018 85
0.000015 2
0.000018 119
0.000016 2
0.000017 100
0.000015 2
0.000018 116
0.000015 2
0.000018 110
0.000015 2
0.000018 85
0.000015 2
0.000018 110
0.000015 2
0.000018 90
0.000015 2
0.000018 105
0.000015 2
0.000018 111
0.000015 2
0.000019 111
0.000015 2
0.000018 111
0.000015 2
0.000033 111
0.000016 2
0.000018 111
0.000015 2
0.000018 111
0.000015 2
0.000018 111
0.000015 2
0.000018 115
0.000015 2
0.000018 121
0.000015 2
0.000019 121
0.000015 2
0.000018 121
0.000038 2
0.000019 100
0.000015 2
0.000018 121
0.000015 2
0.000018 127
0.000015 2
0.000018 127
0.000015 2
0.000018 127
0.000015 2
0.000018 91
0.000015 2
0.000018 112
0.000015 2
0.000018 92
0.000015 2
0.000018 113
0.000015 2
0.000018 103
0.000015 2
0.000021 139
0.000015 2
0.000018 101
0.000015 2
0.000018 122
0.000015 2
0.000018 103
0.000015 2
0.000018 133
0.000015 2
0.000018 94
0.000015 2
0.000018 115
0.000015 2
0.000017 105
0.000015 2
0.000018 121
0.000015 2
0.000018 115
0.000015 2
0.000111 103
0.000064 2
0.000044 119
0.000025 2
0.000027 113
0.000024 2
0.000029 130
0.000024 2
0.000027 92
0.000024 2
0.000027 113
0.000023 2
0.000027 89
0.000023 2
0.000027 110
0.000023 2
0.000027 89
0.000023 2
0.000027 110
0.000023 2
0.000026 91
0.000023 2
0.000028 112
0.000023 2
0.000026 93
0.000024 2
0.000027 114
0.000023 2
0.000027 93
0.000023 2
0.000025 114
0.000047 2
0.000034 91
0.000060 2
0.000999 112
0.000019 2
0.000019 91
0.000015 2
0.000019 112
0.000015 2
0.000018 85
0.000015 2
0.000019 106
0.000015 2
0.000017 91
0.000015 2
0.000019 112
0.000015 2
0.000017 83
0.000016 2
0.000018 108
0.000015 2
0.000018 90
0.000015 2
0.000018 87
0.000015 2
0.000018 108
0.000015 2
0.000017 87
0.000015 2
0.000019 112
0.000015 2
0.000018 91
0.000015 2
0.000018 116
0.000015 2
0.000018 117
0.000015 2
0.000018 94
0.000015 2
0.000018 88
0.000015 2
0.000018 109
0.000032 2
0.000019 107
0.000015 2
0.000017 93
0.000015 2
0.000019 114
0.000015 2
0.000017 83
0.000015 2
0.000019 108
0.000015 2
0.000017 102
0.000016 2
0.000035 123
0.000019 2
0.000018 106
0.000016 2
0.000018 127
0.000015 2
0.000017 85
0.000016 2
0.000018 106
0.000015 2
0.000017 48
0.000015 2
0.000018 91
0.000016 2
0.000018 112
0.000015 2
0.000017 90
0.000015 2
0.000018 110
0.000015 2
0.000018 85
0.000015 2
0.000018 106
0.000015 2
0.000018 93
0.000015 2
0.000017 92
0.000024 2
0.000018 98
0.000015 2
0.000018 119
0.000016 2
0.000018 130
0.000015 2
0.000018 109
0.000015 2
0.000018 130
0.000015 2
0.000018 89
0.000015 2
0.000018 110
0.000015 2
0.000018 103
0.000015 2
0.000018 124
0.000015 2
0.000018 90
0.000015 2
0.000018 105
0.000015 2
0.000018 111
0.000015 2
0.000018 111
0.000015 2
0.000018 92
0.000015 2
0.000018 107
0.000036 2
0.000028 113
0.000016 2
0.000018 113
0.000015 2
0.000018 113
0.000015 2
0.000018 113
0.000015 2
0.000019 113
0.000015 2
0.000018 113
0.000016 2
0.000018 113
0.000015 2
0.000018 111
0.000015 2
0.000018 111
0.000015 2
0.000011 111
0.000014 2
0.000010 91
0.000007 2
0.000009 95
0.000016 2
0.000010 111
0.000007 2
0.000018 111
0.000007 2
0.000009 87
0.000015 2
0.000010 88
0.000007 2
0.000009 109
0.000015 2
0.000010 93
0.000015 2
0.000011 114
0.000006 2
0.000010 111
0.000015 2
0.000010 109
0.000007 2
0.000018 130
0.000014 2
0.000010 120
0.000032 2
0.000015 133
0.000007 2
0.000010 101
0.000006 2
0.000010 122
0.000017 2
0.000010 99
0.000007 2
0.000034 2
0.000019 9
0.000015 2
0.005254 8
0.000012 2
0.000015 63
0.000007 2
0.000009 64
0.000006 2
0.000009 64
0.000007 2
0.000015 2
0.000008 18
0.000007 2
0.001287 7
0.000010 2
0.000013 92
0.000007 2
0.000013 2
0.000008 19
0.000006 2
0.000020 7
0.000007 2
0.000010 58
0.000006 2
0.000011 2
0.000008 19
0.000006 2
0.000344 7
0.000009 2
0.000011 92
0.000007 2
0.000012 2
0.000008 14
0.000007 2
0.000367 7
0.000009 2
0.000011 59
0.000006 2
0.000011 54
0.000006 2
0.000012 2
0.000008 19
0.000006 2
0.000303 7
0.000008 2
0.000011 81
0.000006 2
0.000011 2
0.000009 46
0.000006 2
0.000614 7
0.000009 2
0.000013 103
0.000007 2
0.000012 2
0.000008 16
0.000007 2
0.000121 9
0.000007 2
0.000011 68
0.000006 2
0.000009 63
0.000007 2
0.000009 61
0.000006 2
0.000010 55
0.000006 2
0.000009 59
0.000007 2
0.000009 57
0.000007 2
0.000009 64
0.000006 2
0.000010 58
0.000006 2
0.000010 59
0.000006 2
0.000010 55
0.000007 2
0.000009 80
0.000006 2
0.000010 79
0.000006 2
0.000010 83
0.000006 2
0.000022 82
0.000007 2
0.000010 75
0.000006 2
0.000010 65
0.000006 2
0.000009 58
0.000007 2
0.000009 61
0.000006 2
0.000010 61
0.000006 2
0.000009 60
0.000007 2
0.000012 2
0.000008 29
0.000007 2
0.000795 9
0.000025 2
0.000038 57
0.000017 2
0.000018 67
0.000016 2
0.000018 49
0.000015 2
0.000018 48
0.000015 2
0.000017 57
0.000015 2
0.000018 47
0.000015 2
0.000017 47
0.000015 2
0.000018 51
0.000015 2
0.000020 54
0.000018 2
0.000017 47
0.000015 2
0.000018 61
0.000015 2
0.000018 68
0.000015 2
0.000017 55
0.000015 2
0.000018 62
0.000015 2
0.000018 54
0.000014 2
0.000018 48
0.000015 2
0.000018 57
0.000015 2
0.000017 53
0.000015 2
0.000018 56
0.000031 2
0.000018 50
0.000015 2
0.000018 49
0.000015 2
0.000018 48
0.000031 2
0.000018 55
0.000015 2
0.000017 48
0.000015 2
0.000018 58
0.000015 2
0.000017 48
0.000015 2
0.000018 48
0.000015 2
0.000018 47
0.000015 2
0.000031 46
0.000018 2
0.000018 60
0.000015 2
0.000010 63
0.000015 2
0.000010 61
0.000014 2
0.000010 57
0.000007 2
0.000009 53
0.000015 2
0.000010 57
0.000007 2
0.000009 51
0.000015 2
0.000010 47
0.000014 2
0.000010 47
0.000007 2
0.000009 46
0.000015 2
0.000010 47
0.000006 2
0.000010 48
0.000015 2
0.000010 54
0.000014 2
0.000010 46
0.000006 2
0.000010 49
0.000015 2
0.000010 49
0.000007 2
0.000009 56
0.000015 2
0.000010 55
0.000006 2
0.000018 54
0.000007 2
0.000009 56
0.000015 2
0.000010 54
0.000007 2
0.000009 50
0.000015 2
0.000010 49
0.000006 2
0.000017 50
0.000007 2
0.000009 47
0.000016 2
0.000009 46
0.000007 2
0.000009 47
0.000015 2
0.000010 57
0.000006 2
0.000018 56
0.000007 2
0.000009 63
0.000015 2
0.000010 49
0.000006 2
0.000009 46
0.000015 2
0.000010 66
0.000007 2
0.000028 61
0.000007 2
0.000009 65
0.000016 2
0.000010 47
0.000006 2
0.000009 48
0.000015 2
0.000010 50
0.000007 2
0.000009 52
0.000015 2
0.000010 51
0.000006 2
0.000018 59
0.000007 2
0.000009 68
0.000015 2
0.000010 58
0.000007 2
0.000062 72
0.000020 2
0.000011 66
0.000007 2
0.000009 63
0.000016 2
0.000010 55
0.000006 2
0.000010 62
0.000015 2
0.000010 64
0.000015 2
0.000010 57
0.000007 2
0.000009 57
0.000015 2
0.000010 63
0.000007 2
0.000009 61
0.000015 2
0.000010 65
0.000015 2
0.000010 66
0.000007 2
0.000009 55
0.000015 2
0.000010 56
0.000006 2
0.000009 52
0.000015 2
0.000010 56
0.000015 2
0.000010 51
0.000006 2
0.000009 53
0.000015 2
0.000010 48
0.000007 2
0.000009 49
0.000024 2
0.000011 50
0.000006 2
0.000010 51
0.000015 2
0.000010 50
0.000007 2
0.000017 48
0.000007 2
0.000009 44
0.000015 2
0.000010 46
0.000006 2
0.000010 54
0.000015 2
0.000015 2
0.000018 42
0.000007 2
0.003325 8
0.000022 2
0.000021 56
0.000015 2
0.000018 49
0.000015 2
0.000018 57
0.000014 2
0.000018 52
0.000015 2
0.000018 52
0.000014 2
0.000021 2
0.000017 47
0.000007 2
0.000431 651
0.000314 249
0.000480 1152
0.000415 875
0.000335 154
0.000342 108
0.000307 79
0.000319 236
0.000361 259
0.000470 1764
0.000292 109
0.000357 722
0.000291 28
0.000311 192
0.000325 365
0.000305 219
0.000513 2170
0.000555 2500
0.000399 940
0.000301 86
0.000299 84
0.000294 85
0.000292 86
0.000307 144
0.000494 1780
0.000303 141
0.000326 86
0.000308 86
0.000296 140
0.000322 140
0.000386 811
0.000360 498
0.002215 138
0.000437 1009
0.000474 1256
0.000380 523
0.000310 86
0.000326 190
0.000304 84
0.000297 85
0.000301 86
0.000363 468
0.000311 199
0.000294 86
0.000330 468
0.000291 86
0.000303 86
0.000557 2131
0.000346 139
0.000296 86
0.000369 745
0.000306 85
0.000292 85
0.000310 190
0.000295 84
0.001068 85
0.000818 34
0.002648 535
0.001221 4095
0.000030 2588
0.000307 108
0.000280 27
0.000303 81
0.000646 2863
0.000411 1057
0.000312 31
0.000302 94
0.000387 928
0.000284 27
0.000325 92
0.000311 92
0.000298 166
0.000424 1946
0.000282 146
0.000304 170
0.000436 1525
0.000280 86
0.000817 143
0.000317 312
0.000315 254
0.000303 310
0.000577 176
0.001798 370
0.000289 168
0.000326 369
0.000312 166
0.000364 531
0.000326 435
0.000313 197
0.000317 106
0.000280 101
0.000287 144
0.000312 147
0.001341 4095
0.000043 4095
0.000032 4095
0.000029 1736
0.000018 2
0.000031 124
0.000015 2
0.000019 114
0.000015 2
0.000018 124
0.000016 2
0.000018 110
0.000015 2
0.000018 114
0.000015 2
0.000035 126
0.000023 2
0.000019 114
0.000015 2
0.000018 55
0.000015 2
0.000019 104
0.000015 2
0.000018 116
0.000015 2
0.000018 114
0.000015 2
0.000019 120
0.000015 2
0.000018 116
0.000015 2
0.000018 116
0.000015 2
0.000019 114
0.000015 2
0.000018 108
0.000015 2
0.000019 130
0.000015 2
0.000018 110
0.000015 2
0.000019 112
0.000015 2
0.000018 122
0.000015 2
0.000018 122
0.000015 2
0.000019 112
0.000014 2
0.000019 108
0.000015 2
0.000018 110
0.000015 2
0.000018 116
0.000015 2
0.000019 132
0.000015 2
0.000018 108
0.000015 2
0.000018 106
0.000015 2
0.000018 128
0.000015 2
0.000018 134
0.000015 2
0.000018 134
0.000015 2
0.000018 134
0.000016 2
0.000018 134
0.000015 2
0.000018 134
0.000037 2
0.000020 102
0.000015 2
0.000019 135
0.000015 2
0.000018 108
0.000015 2
0.000018 106
0.000015 2
0.000018 149
0.000016 2
0.000018 151
0.000023 2
0.000019 153
0.000015 2
0.000018 149
0.000015 2
0.000019 106
0.000015 2
0.000018 128
0.000015 2
0.000018 48
0.000015 2
0.000023 2
0.000017 11
0.000015 2
0.000359 8
0.002052 2
0.000014 54
0.000007 2
0.000009 55
0.000007 2
0.000009 64
0.000006 2
0.000021 59
0.000007 2
0.000010 60
0.000006 2
0.000009 54
0.000007 2
0.000013 2
0.000008 21
0.000007 2
0.000346 8
0.000008 2
0.000011 56
0.000007 2
0.000009 51
0.000007 2
0.000009 59
0.000006 2
0.000010 53
0.000006 2
0.000009 63
0.000007 2
0.000012 2
0.000008 9
0.000007 2
0.000292 7
0.000009 2
0.000011 48
0.000006 2
0.000012 2
0.000008 10
0.000007 2
0.000331 8
0.000009 2
0.000011 65
0.000006 2
0.000010 54
0.000006 2
0.000010 65
0.000006 2
0.000009 59
0.000006 2
0.000009 64
0.000007 2
0.000009 66
0.000006 2
0.000009 65
0.000007 2
0.000008 60
0.000007 2
0.000009 63
0.000006 2
0.000017 63
0.000006 2
0.000012 2
0.000008 15
0.000006 2
0.000298 7
0.000009 2
0.000010 62
0.000007 2
0.000012 2
0.000007 20
0.000007 2
0.000286 7
0.000008 2
0.000010 68
0.000007 2
0.000011 2
0.000008 22
0.000006 2
0.000294 7
0.000008 2
0.000010 60
0.000007 2
0.000011 2
0.000008 21
0.000007 2
0.000289 7
0.000008 2
0.000010 61
0.000007 2
0.000011 2
0.000008 16
0.000007 2
0.000308 94
0.000305 88
0.000276 87
0.000292 172
0.000321 401
0.000282 24
0.000290 106
0.000331 303
0.000921 771
0.000346 92
0.000298 26
0.000311 88
0.000312 139
0.000281 80
0.000291 100
0.000921 138
0.000486 2629
0.000331 414
0.000300 40
0.000266 42
0.000343 726
0.000283 56
0.000292 51
0.000264 55
0.000269 57
0.000284 52
0.000279 53
0.000266 55
0.000277 50
0.001162 48
0.000856 33
0.000481 74
0.002425 662
0.000326 89
0.000320 75
0.000343 446
0.000297 96
0.000279 36
0.000357 668
0.000289 176
0.000293 104
0.000330 146
0.000312 84
0.000300 223
0.000471 100
0.000297 84
0.000294 132
0.000282 30
0.000328 194
0.000355 191
0.000352 103
0.000327 198
0.000366 768
0.000370 876
0.000352 412
0.000282 134
0.000263 7
0.000022 2
0.000021 69
0.000016 2
0.000021 2
0.000017 13
0.000015 2
0.000325 8
0.000023 2
0.000019 64
0.000016 2
0.000018 69
0.000015 2
0.000017 66
0.000015 2
0.000018 62
0.000014 2
0.000020 2
0.000017 23
0.000015 2
0.000318 7
0.000023 2
0.000020 68
0.000015 2
0.000018 62
0.000015 2
0.000018 116
0.000029 2
0.000021 2
0.000017 28
0.000015 2
0.000576 7
0.000022 2
0.000021 112
0.000016 2
0.000018 69
0.000015 2
0.000045 116
0.000027 2
0.000024 2
0.000018 25
0.000015 2
0.000666 7
0.000025 2
0.000020 69
0.000016 2
0.000019 116
0.000015 2
0.000021 2
0.000017 21
0.000015 2
0.000041 7
0.000034 2
0.000020 67
0.000016 2
0.000017 61
0.000015 2
0.000019 115
0.000015 2
0.000022 2
0.000017 25
0.000015 2
0.000345 8
0.000022 2
0.000019 64
0.000016 2
0.000018 65
0.000015 2
0.000017 64
0.000015 2
0.000017 67
0.000015 2
0.000018 60
0.000015 2
0.000017 65
0.000015 2
0.000019 2
0.000017 35
0.000015 2
0.000311 7
0.000023 2
0.000021 2
0.000017 36
0.000015 2
0.000312 48
0.005803 51
0.000364 44
0.000297 49
0.000289 33
0.000336 451
0.000303 442
0.000307 57
0.000268 55
0.000271 43
0.000270 50
0.000266 52
0.000313 264
0.000329 235
0.000294 33
0.000289 22
0.000302 29
0.000472 1628
0.000297 79
0.000300 87
0.000331 76
0.000291 161
0.000302 254
0.000301 238
0.000284 93
0.000286 185
0.000301 275
0.000327 152
0.000370 850
0.000280 100
0.000288 105
0.000280 32
0.000281 28
0.000285 80
0.000391 1010
0.000276 84
0.000282 84
0.000419 1810
0.000418 1778
0.000491 2684
0.000507 2684
0.000484 2684
0.000476 2684
0.000439 1810
0.000374 1032
0.000292 141
0.000701 4095
0.000038 497
0.000366 940
0.000280 39
0.000293 112
0.000282 23
0.000602 378
0.001210 402
0.001115 98
0.000471 96
0.002145 96
0.000325 96
0.000289 96
0.000301 80
0.000284 23
0.000297 89
0.000331 233
0.000287 98
0.000398 1118
0.000366 810
0.000279 36
0.000296 22
0.000369 226
0.032363 4095
0.000045 4095
0.000014 4095
0.000010 1728
0.000055 2
0.000022 159
0.000016 2
0.000020 155
0.000015 2
0.000019 129
0.000016 2
0.000019 169
0.000015 2
0.000019 153
0.000015 2
0.000019 165
0.000016 2
0.000019 173
0.000015 2
0.000019 173
0.000015 2
0.000018 149
0.000016 2
0.000018 109
0.000015 2
0.000019 110
0.000015 2
0.000018 94
0.000015 2
0.000019 95
0.000015 2
0.000019 125
0.000015 2
0.000018 99
0.000016 2
0.000018 99
0.000015 2
0.000018 92
0.000016 2
0.000018 159
0.000016 2
0.000019 159
0.000015 2
0.000018 159
0.000015 2
0.000019 151
0.000053 2
0.000022 151
0.000015 2
0.000019 151
0.000016 2
0.000019 173
0.000026 2
0.000019 153
0.000015 2
0.000019 165
0.000015 2
0.000019 171
0.000015 2
0.000019 84
0.000015 2
0.000019 97
0.000015 2
0.000018 97
0.000015 2
0.000019 107
0.000015 2
0.000019 97
0.000015 2
0.000019 99
0.000015 2
0.000018 117
0.000015 2
0.000019 100
0.000015 2
0.000019 110
0.000015 2
0.000018 106
0.000015 2
0.000019 151
0.000016 2
0.000019 151
0.000015 2
0.000019 143
0.000015 2
0.000018 143
0.000016 2
0.000019 187
0.000015 2
0.000019 189
0.000015 2
0.000019 187
0.000015 2
0.000019 187
0.000015 2
0.000019 177
0.000015 2
0.000020 171
0.000015 2
0.000027 147
0.000030 2
0.000021 167
0.000015 2
0.000020 95
0.000017 2
0.000022 119
0.000016 2
0.000018 116
0.000016 2
0.000018 113
0.000023 2
0.000019 106
0.000016 2
0.000018 96
0.000015 2
0.000018 90
0.000016 2
0.000018 92
0.000016 2
0.000018 113
0.000015 2
0.000019 91
0.000015 2
0.000019 121
0.000015 2
0.000018 149
0.000016 2
0.000019 195
0.000015 2
0.000020 165
0.000015 2
0.000019 159
0.000015 2
0.000019 159
0.000015 2
0.000019 141
0.000015 2
0.000019 151
0.000015 2
0.000019 151
0.000016 2
0.000018 151
0.000015 2
0.000019 143
0.000015 2
0.000019 185
0.000015 2
0.000019 127
0.000015 2
0.000019 127
0.000015 2
0.000019 127
0.000015 2
0.000019 127
0.000015 2
0.000030 223
0.000020 2
0.000021 215
0.000017 2
0.000020 215
0.000015 2
0.000019 151
0.000015 2
0.000018 151
0.000016 2
0.000018 165
0.000023 2
0.000020 171
0.000015 2
0.000019 129
0.000015 2
0.000018 125
0.000016 2
0.000019 165
0.000015 2
0.000019 195
0.000015 2
0.000019 195
0.000016 2
0.000019 187
0.000015 2
0.000022 196
0.000015 2
0.000019 183
0.000016 2
0.000019 167
0.000015 2
0.000019 167
0.000015 2
0.000018 147
0.000397 2
0.000013 147
0.000007 2
0.000011 141
0.000006 2
0.000010 147
0.000007 2
0.000010 141
0.000006 2
0.000011 137
0.000006 2
0.000013 137
0.000007 2
0.000013 143
0.000006 2
0.000013 133
0.000006 2
0.000011 165
0.000006 2
0.000011 165
0.000006 2
0.000010 149
0.000007 2
0.000010 67
0.000006 2
0.000010 191
0.000007 2
0.000011 197
0.000014 2
0.000011 185
0.000006 2
0.000011 185
0.000006 2
0.000011 169
0.000006 2
0.000011 173
0.000006 2
0.000011 145
0.000006 2
0.000011 187
0.000007 2
0.000010 205
0.000007 2
0.000010 149
0.000007 2
0.000010 153
0.000007 2
0.000010 135
0.000007 2
0.000010 149
0.000007 2
0.000010 133
0.000007 2
0.000010 149
0.000007 2
0.000010 149
0.000006 2
0.000011 143
0.000006 2
0.000011 185
0.000006 2
0.000011 203
0.000006 2
0.000011 203
0.000007 2
0.000010 161
0.000006 2
0.000011 161
0.000006 2
0.000011 195
0.000006 2
0.000011 143
0.000006 2
0.000011 171
0.000006 2
0.000010 161
0.000010 2
0.000011 141
0.000006 2
0.000011 179
0.000006 2
0.000011 179
0.000006 2
0.000010 199
0.000007 2
0.000010 145
0.000007 2
0.000019 4
0.000008 40
0.000009 19
0.000007 2
0.000021 2
0.000008 15
0.000006 2
0.000033 7
0.000007 2
0.000011 48
0.000006 2
0.001029 2
0.000072 14
0.000009 2
0.000838 8
0.000009 2
0.000015 67
0.000007 2
0.000010 63
0.000006 2
0.000010 67
0.000006 2
0.000024 68
0.000007 2
0.000009 62
0.000007 2
0.000009 67
0.000007 2
0.000009 57
0.000007 2
0.000009 59
0.000007 2
0.000010 87
0.000006 2
0.000010 56
0.000006 2
0.000014 2
0.000008 13
0.000006 2
0.000066 8
0.000007 2
0.000011 57
0.000006 2
0.000010 55
0.000006 2
0.000009 63
0.000007 2
0.000009 57
0.000006 2
0.000010 55
0.000006 2
0.000010 57
0.000006 2
0.000009 54
0.000007 2
0.000009 62
0.000006 2
0.000010 55
0.000006 2
0.000009 58
0.000007 2
0.000009 60
0.000006 2
0.000009 53
0.000007 2
0.000011 2
0.000007 21
0.000007 2
0.000318 7
0.000008 2
0.000013 2
0.000008 20
0.000007 2
0.005447 9
0.000012 2
0.000015 78
0.000007 2
0.000009 81
0.000007 2
0.000011 136
0.000007 2
0.000010 119
0.000006 2
0.000010 134
0.000007 2
0.000009 142
0.000007 2
0.000010 155
0.000006 2
0.000011 141
0.000006 2
0.000010 133
0.000006 2
0.000010 143
0.000006 2
0.000010 76
0.000006 2
0.000010 115
0.000007 2
0.000009 85
0.000022 2
0.000010 78
0.000006 2
0.000009 74
0.000007 2
0.000009 74
0.000006 2
0.000009 78
0.000007 2
0.000009 79
0.000007 2
0.000009 83
0.000006 2
0.000009 80
0.000007 2
0.000009 74
0.000006 2
0.000009 76
0.000007 2
0.000009 75
0.000007 2
0.000009 74
0.000007 2
0.000009 61
0.000006 2
0.000010 62
0.000006 2
0.000009 62
0.000007 2
0.000009 65
0.000006 2
0.000010 66
0.000006 2
0.000009 66
0.000010 2
0.000009 83
0.000007 2
0.000009 84
0.000007 2
0.000009 84
0.000007 2
0.000009 66
0.000006 2
0.000010 66
0.000006 2
0.000033 73
0.000007 2
0.000010 76
0.000006 2
0.000010 103
0.000006 2
0.000010 76
0.000006 2
0.000009 109
0.000007 2
0.000009 75
0.000007 2
0.000016 2
0.000008 43
0.000006 2
0.000023 7
0.000007 2
0.000011 111
0.000006 2
0.000011 2
0.000007 46
0.000007 2
0.000629 173
0.000605 542
0.000293 189
0.000700 589
0.000591 4095
0.000042 2241
0.000293 445
0.000486 2001
0.000377 1256
0.000299 206
0.000931 542
0.000662 945
0.000297 100
0.000299 118
0.000305 141
0.000319 212
0.000281 31
0.000310 224
0.000310 78
0.000354 668
0.000302 139
0.000314 246
0.000301 105
0.000398 1021
0.000307 22
0.000293 130
0.000306 251
0.000293 31
0.000278 42
0.000304 254
0.000367 1052
0.000488 1766
0.000341 256
0.000301 156
0.000280 96
0.000304 94
0.000329 207
0.000283 31
0.000309 83
0.000307 87
0.000381 1254
0.000379 497
0.000604 3386
0.000310 234
0.000320 85
0.000470 488
0.000181 204
9.460667 6
