0.015075 204
3.599898 1
0.119652 1
0.208140 1
0.151927 1
0.336297 1
0.503865 1
0.288033 1
0.299651 3
0.468599 1
0.143656 1
0.291471 1
1.465762 1
1.574660 1
0.652344 1
1.271738 4
0.208793 1
0.247114 1
0.576186 1
1.127862 1
2.000359 1
1.519842 1
0.162512 1
0.000056 4
1.542504 2
0.016019 25
0.000114 2
0.000017 61
0.000015 2
0.000016 70
0.000015 2
0.000015 70
0.000015 2
0.000015 25
0.000016 2
0.000014 2
0.000016 42
0.000015 2
0.000014 26
0.000015 2
0.000015 24
0.000015 2
0.000014 22
0.000015 2
0.000015 67
0.000015 2
0.000014 67
0.000015 2
0.000015 46
0.000014 2
0.000015 2
0.000015 73
0.000014 2
0.000015 72
0.000015 2
0.000014 25
0.000015 2
0.000015 2
0.000014 36
0.000015 2
0.000014 2
0.000015 6
0.000014 2
0.000015 19
0.000014 2
0.000015 17
0.000037 2
0.000022 25
0.000015 2
0.000015 30
0.000014 2
0.000015 30
0.000015 2
0.000014 27
0.000015 2
0.000016 32
0.000017 2
0.000016 24
0.000014 2
0.000015 21
0.000014 2
0.000015 16
0.000015 2
0.000015 19
0.000052 2
0.000015 21
0.000015 2
0.000015 20
0.000015 2
0.000014 29
0.000015 2
0.000015 30
0.000014 2
0.000015 30
0.000015 2
0.000014 32
0.000015 2
0.000014 34
0.000015 2
0.000015 11
0.000014 2
0.000015 64
0.000015 2
0.000014 47
0.000015 2
0.000014 16
0.000015 2
0.000014 13
0.000015 2
0.000014 24
0.000015 2
0.000014 25
0.000015 2
0.000014 31
46.884920 1454
2.944235 287
2.930969 330
0.039909 300
13.556577 5
2.831926 6
0.319720 6
0.304205 6
0.344021 6
0.103781 6
0.176048 6
0.144089 6
0.736514 4
0.009391 3874
3.767474 28
0.000292 204
2.215316 6
